Rel_time,Abs_time,tau,rpm,steering PWM,DutyCycle,Radio_Throttle_PWM,P_motor,
0.080524,1571796041.993209,0.000000,0.000000,1500.000000,0.000000,1500.000000,0.000000
0.093902,1571796042.003807,3.104826,366.000000,1500.000000,0.000000,1500.000000,1.190000
0.101425,1571796042.011322,0.000000,798.000000,1500.000000,0.000000,1500.000000,0.000000
0.116187,1571796042.026096,0.000000,673.000000,1500.000000,0.000000,1500.000000,0.000000
0.124861,1571796042.034783,0.000000,583.000000,1500.000000,0.000000,1500.000000,0.000000
0.141296,1571796042.051220,0.000000,468.000000,1500.000000,0.000000,1500.000000,0.000000
0.155170,1571796042.065072,0.000000,364.000000,1500.000000,0.000000,1500.000000,0.000000
0.164691,1571796042.074608,0.000000,322.000000,1500.000000,0.000000,1500.000000,0.000000
0.186960,1571796042.096939,0.000000,279.000000,1500.000000,0.000000,1500.000000,0.000000
0.210519,1571796042.122101,0.000000,183.000000,1500.000000,0.000000,1500.000000,0.000000
0.230248,1571796042.140172,0.000000,112.000000,1500.000000,0.000000,1500.000000,0.000000
0.253880,1571796042.163806,0.000000,22.000000,1500.000000,0.000000,1500.000000,0.000000
0.268960,1571796042.178860,0.000000,15.000000,1500.000000,0.000000,1500.000000,0.000000
0.291340,1571796042.201246,0.000000,12.000000,1500.000000,0.000000,1500.000000,0.000000
0.297344,1571796042.207273,0.000000,9.000000,1500.000000,0.000000,1500.000000,0.000000
0.316192,1571796042.226095,0.000000,8.000000,1500.000000,0.000000,1500.000000,0.000000
0.342948,1571796042.252915,0.000000,5.000000,1500.000000,0.000000,1500.000000,0.000000
0.353558,1571796042.263469,0.000000,4.000000,1500.000000,0.000000,1500.000000,0.000000
0.365313,1571796042.275261,0.000000,3.000000,1500.000000,0.000000,1500.000000,0.000000
0.375576,1571796042.285516,0.000000,3.000000,1500.000000,0.000000,1500.000000,0.000000
0.391182,1571796042.301106,0.000000,2.000000,1500.000000,0.000000,1500.000000,0.000000
0.402471,1571796042.312397,0.000000,2.000000,1500.000000,0.000000,1500.000000,0.000000
0.409157,1571796042.319069,0.000000,1.000000,1500.000000,0.000000,1500.000000,0.000000
0.423368,1571796042.333263,0.000000,1.000000,1500.000000,0.000000,1500.000000,0.000000
0.433564,1571796042.343496,0.000000,1.000000,1500.000000,0.000000,1500.000000,0.000000
0.445064,1571796042.354969,0.000000,1.000000,1500.000000,0.000000,1500.000000,0.000000
0.456796,1571796042.366716,0.000000,0.000000,1500.000000,0.000000,1500.000000,0.000000
0.476617,1571796042.386515,0.000000,0.000000,1500.000000,0.000000,1500.000000,0.000000
0.498114,1571796042.408022,0.000000,0.000000,1500.000000,0.000000,1500.000000,0.000000
0.508428,1571796042.418329,0.000000,0.000000,1500.000000,0.000000,1500.000000,0.000000
0.526118,1571796042.436064,0.000000,0.000000,1500.000000,0.000000,1500.000000,0.000000
0.546267,1571796042.456193,0.000000,0.000000,1500.000000,0.000000,1500.000000,0.000000
0.566144,1571796042.476047,0.000000,0.000000,1500.000000,0.000000,1500.000000,0.000000
0.581665,1571796042.491568,0.000000,0.000000,1500.000000,0.000000,1500.000000,0.000000
0.591596,1571796042.501583,0.000000,0.000000,1500.000000,0.000000,1500.000000,0.000000
0.603661,1571796042.513583,0.000000,0.000000,1500.000000,0.000000,1500.000000,0.000000
0.622878,1571796042.532781,0.000000,0.000000,1500.000000,0.000000,1500.000000,0.000000
0.633660,1571796042.543607,0.000000,0.000000,1500.000000,0.000000,1500.000000,0.000000
0.645711,1571796042.555618,0.000000,0.000000,1500.000000,0.000000,1500.000000,0.000000
0.663599,1571796042.573498,0.000000,0.000000,1500.000000,0.000000,1500.000000,0.000000
0.673648,1571796042.583569,0.000000,0.000000,1500.000000,0.000000,1500.000000,0.000000
0.684937,1571796042.594853,0.000000,0.000000,1500.000000,0.000000,1500.000000,0.000000
0.696336,1571796042.606259,0.000000,0.000000,1500.000000,0.000000,1500.000000,0.000000
0.715406,1571796042.625324,0.000000,0.000000,1500.000000,0.000000,1500.000000,0.000000
0.726503,1571796042.636460,0.000000,0.000000,1500.000000,0.000000,1500.000000,0.000000
0.739115,1571796042.649018,0.000000,0.000000,1500.000000,0.000000,1500.000000,0.000000
0.750287,1571796042.660211,0.000000,0.000000,1500.000000,0.000000,1500.000000,0.000000
0.768469,1571796042.678393,0.000000,0.000000,1500.000000,0.000000,1500.000000,0.000000
0.785519,1571796042.695431,0.000000,0.000000,1500.000000,0.000000,1500.000000,0.000000
0.794681,1571796042.704576,0.000000,0.000000,1500.000000,0.000000,1500.000000,0.000000
0.803911,1571796042.713813,0.000000,0.000000,1500.000000,0.000000,1500.000000,0.000000
0.816543,1571796042.726461,0.000000,0.000000,1500.000000,0.000000,1500.000000,0.000000
0.837696,1571796042.747600,0.000000,0.000000,1500.000000,0.000000,1500.000000,0.000000
0.849026,1571796042.758933,0.000000,0.000000,1500.000000,0.000000,1500.000000,0.000000
0.863079,1571796042.772984,0.000000,0.000000,1500.000000,0.000000,1500.000000,0.000000
0.876836,1571796042.786725,0.000000,0.000000,1500.000000,0.000000,1500.000000,0.000000
0.886984,1571796042.796937,0.000000,0.000000,1500.000000,0.000000,1500.000000,0.000000
0.900687,1571796042.810591,0.000000,0.000000,1500.000000,0.000000,1500.000000,0.000000
0.918944,1571796042.828906,0.000000,0.000000,1500.000000,0.000000,1500.000000,0.000000
0.948634,1571796042.858534,0.000000,0.000000,1500.000000,0.000000,1500.000000,0.000000
0.964722,1571796042.874744,0.000000,0.000000,1500.000000,0.000000,1500.000000,0.000000
0.990011,1571796042.899930,0.000000,0.000000,1500.000000,0.000000,1500.000000,0.000000
1.011207,1571796042.921163,0.000000,0.000000,1500.000000,0.000000,1500.000000,0.000000
1.029221,1571796042.939147,0.000000,0.000000,1500.000000,0.000000,1500.000000,0.000000
1.039890,1571796042.949821,0.000000,0.000000,1500.000000,0.000000,1500.000000,0.000000
1.052393,1571796042.962300,0.000000,0.000000,1500.000000,0.000000,1500.000000,0.000000
1.072867,1571796042.982770,0.000000,0.000000,1500.000000,0.000000,1500.000000,0.000000
1.087298,1571796042.997244,0.000000,0.000000,1500.000000,0.000000,1500.000000,0.000000
1.094099,1571796043.004011,0.000000,0.000000,1500.000000,0.000000,1500.000000,0.000000
1.112264,1571796043.022163,0.000000,0.000000,1500.000000,0.000000,1500.000000,0.000000
1.121193,1571796043.031081,0.000000,0.000000,1500.000000,0.000000,1500.000000,0.000000
1.134662,1571796043.044562,0.000000,0.000000,1500.000000,0.000000,1500.000000,0.000000
1.148989,1571796043.058890,0.000000,0.000000,1500.000000,0.000000,1500.000000,0.000000
1.160854,1571796043.070776,0.000000,0.000000,1500.000000,0.000000,1500.000000,0.000000
1.172342,1571796043.082265,0.000000,0.000000,1500.000000,0.000000,1500.000000,0.000000
1.190255,1571796043.100195,0.000000,0.000000,1500.000000,0.000000,1500.000000,0.000000
1.203202,1571796043.113110,0.000000,0.000000,1500.000000,0.000000,1500.000000,0.000000
1.229528,1571796043.139441,0.000000,0.000000,1500.000000,0.000000,1500.000000,0.000000
1.242488,1571796043.152427,0.000000,0.000000,1500.000000,0.000000,1500.000000,0.000000
1.256266,1571796043.166175,0.000000,0.000000,1500.000000,0.000000,1500.000000,0.000000
1.266934,1571796043.176993,0.000000,0.000000,1500.000000,0.000000,1500.000000,0.000000
1.281920,1571796043.191839,0.000000,0.000000,1500.000000,0.000000,1500.000000,0.000000
1.293280,1571796043.203200,0.000000,0.000000,1500.000000,0.000000,1500.000000,0.000000
1.303673,1571796043.213575,0.000000,0.000000,1500.000000,0.000000,1500.000000,0.000000
1.318022,1571796043.227942,0.000000,0.000000,1500.000000,0.000000,1500.000000,0.000000
1.340950,1571796043.250864,0.000000,0.000000,1500.000000,0.000000,1500.000000,0.000000
1.352036,1571796043.262007,0.000000,0.000000,1500.000000,0.000000,1500.000000,0.000000
1.362974,1571796043.272951,0.000000,0.000000,1500.000000,0.000000,1500.000000,0.000000
1.373495,1571796043.283400,0.000000,0.000000,1500.000000,0.000000,1500.000000,0.000000
1.391880,1571796043.301787,0.000000,0.000000,1500.000000,0.000000,1500.000000,0.000000
1.409078,1571796043.318976,0.000000,0.000000,1500.000000,0.000000,1500.000000,0.000000
1.421951,1571796043.331852,0.000000,0.000000,1500.000000,0.000000,1500.000000,0.000000
1.430998,1571796043.340976,0.000000,0.000000,1500.000000,0.000000,1500.000000,0.000000
1.449728,1571796043.359627,0.000000,0.000000,1500.000000,0.000000,1500.000000,0.000000
1.478140,1571796043.388060,0.000000,0.000000,1500.000000,0.000000,1500.000000,0.000000
1.494509,1571796043.404433,0.000000,0.000000,1500.000000,0.000000,1500.000000,0.000000
1.517849,1571796043.427791,0.000000,0.000000,1500.000000,0.000000,1500.000000,0.000000
1.534259,1571796043.444231,0.000000,0.000000,1500.000000,0.000000,1500.000000,0.000000
1.546000,1571796043.455899,0.000000,0.000000,1500.000000,0.000000,1500.000000,0.000000
1.556522,1571796043.466426,0.000000,0.000000,1500.000000,0.000000,1500.000000,0.000000
1.565882,1571796043.475789,0.000000,0.000000,1500.000000,0.000000,1500.000000,0.000000
1.577475,1571796043.487379,0.000000,0.000000,1500.000000,0.000000,1500.000000,0.000000
1.588341,1571796043.498260,0.000000,0.000000,1500.000000,0.000000,1500.000000,0.000000
1.600835,1571796043.510770,0.000000,0.000000,1500.000000,0.000000,1500.000000,0.000000
1.612441,1571796043.522351,0.000000,0.000000,1500.000000,0.000000,1500.000000,0.000000
1.623175,1571796043.533061,0.000000,0.000000,1500.000000,0.000000,1500.000000,0.000000
1.642269,1571796043.552210,0.000000,0.000000,1500.000000,0.000000,1500.000000,0.000000
1.658322,1571796043.568244,0.000000,0.000000,1500.000000,0.000000,1500.000000,0.000000
1.674201,1571796043.584101,0.000000,0.000000,1500.000000,0.000000,1500.000000,0.000000
1.684768,1571796043.594700,0.000000,0.000000,1500.000000,0.000000,1500.000000,0.000000
1.696689,1571796043.606590,0.000000,0.000000,1500.000000,0.000000,1500.000000,0.000000
1.706543,1571796043.616472,0.000000,0.000000,1500.000000,0.000000,1500.000000,0.000000
1.720505,1571796043.630412,0.000000,0.000000,1500.000000,0.000000,1500.000000,0.000000
1.733592,1571796043.643517,0.000000,0.000000,1500.000000,0.000000,1500.000000,0.000000
1.751460,1571796043.661373,0.000000,0.000000,1500.000000,0.000000,1500.000000,0.000000
1.761283,1571796043.671206,0.000000,0.000000,1500.000000,0.000000,1500.000000,0.000000
1.772137,1571796043.682053,0.000000,0.000000,1500.000000,0.000000,1500.000000,0.000000
1.783533,1571796043.693460,0.000000,0.000000,1500.000000,0.000000,1500.000000,0.000000
1.794264,1571796043.704206,0.000000,0.000000,1500.000000,0.000000,1500.000000,0.000000
1.804396,1571796043.714315,0.000000,0.000000,1500.000000,0.000000,1500.000000,0.000000
1.817794,1571796043.727711,0.000000,0.000000,1500.000000,0.000000,1500.000000,0.000000
1.829611,1571796043.739551,0.000000,0.000000,1500.000000,0.000000,1500.000000,0.000000
1.841570,1571796043.751480,0.000000,0.000000,1500.000000,0.000000,1500.000000,0.000000
1.854096,1571796043.764044,0.000000,0.000000,1500.000000,0.000000,1500.000000,0.000000
1.875336,1571796043.785259,0.000000,0.000000,1500.000000,0.000000,1500.000000,0.000000
1.890363,1571796043.800273,0.000000,0.000000,1500.000000,0.000000,1500.000000,0.000000
1.906628,1571796043.816539,0.000000,0.000000,1500.000000,0.000000,1500.000000,0.000000
1.920210,1571796043.830107,0.000000,0.000000,1500.000000,0.000000,1500.000000,0.000000
1.945044,1571796043.854981,0.000000,0.000000,1500.000000,0.000000,1500.000000,0.000000
1.955241,1571796043.865149,0.000000,0.000000,1500.000000,0.000000,1500.000000,0.000000
1.970913,1571796043.880819,0.000000,0.000000,1500.000000,0.000000,1500.000000,0.000000
1.994455,1571796043.904353,0.000000,0.000000,1500.000000,0.000000,1500.000000,0.000000
2.018032,1571796043.927962,0.000000,0.000000,1500.000000,0.000000,1500.000000,0.000000
2.038476,1571796043.948382,0.000000,0.000000,1500.000000,0.000000,1500.000000,0.000000
2.052077,1571796043.962001,0.000000,0.000000,1500.000000,0.000000,1500.000000,0.000000
2.066573,1571796043.976481,0.000000,0.000000,1500.000000,0.000000,1500.000000,0.000000
2.076530,1571796043.986428,0.000000,0.000000,1500.000000,0.000000,1500.000000,0.000000
2.086647,1571796043.996573,0.000000,0.000000,1500.000000,0.000000,1500.000000,0.000000
2.101912,1571796044.011834,0.000000,0.000000,1500.000000,0.000000,1500.000000,0.000000
2.112554,1571796044.022459,0.000000,0.000000,1500.000000,0.000000,1500.000000,0.000000
2.122022,1571796044.031962,0.000000,0.000000,1500.000000,0.000000,1500.000000,0.000000
2.135414,1571796044.045319,0.000000,0.000000,1500.000000,0.000000,1500.000000,0.000000
2.148407,1571796044.058349,0.000000,0.000000,1500.000000,0.000000,1500.000000,0.000000
2.161585,1571796044.071506,0.000000,0.000000,1500.000000,0.000000,1500.000000,0.000000
2.174053,1571796044.083978,0.000000,0.000000,1500.000000,0.000000,1500.000000,0.000000
2.198839,1571796044.108761,0.000000,0.000000,1500.000000,0.000000,1500.000000,0.000000
2.214339,1571796044.124252,0.000000,0.000000,1500.000000,0.000000,1500.000000,0.000000
2.224206,1571796044.134112,0.000000,0.000000,1500.000000,0.000000,1500.000000,0.000000
2.233780,1571796044.143705,0.000000,0.000000,1500.000000,0.000000,1500.000000,0.000000
2.243912,1571796044.153812,0.000000,0.000000,1500.000000,0.000000,1500.000000,0.000000
2.253818,1571796044.163754,0.000000,0.000000,1500.000000,0.000000,1500.000000,0.000000
2.281860,1571796044.191770,0.000000,0.000000,1500.000000,0.000000,1500.000000,0.000000
2.297702,1571796044.207602,0.000000,0.000000,1500.000000,0.000000,1500.000000,0.000000
2.312041,1571796044.221956,0.000000,0.000000,1500.000000,0.000000,1500.000000,0.000000
2.324812,1571796044.234709,0.000000,0.000000,1500.000000,0.000000,1500.000000,0.000000
2.331178,1571796044.241075,0.000000,0.000000,1500.000000,0.000000,1500.000000,0.000000
2.351711,1571796044.261614,0.000000,0.000000,1500.000000,0.000000,1500.000000,0.000000
2.362822,1571796044.272721,0.000000,0.000000,1500.000000,0.000000,1500.000000,0.000000
2.386506,1571796044.296422,0.000000,0.000000,1500.000000,0.000000,1500.000000,0.000000
2.397592,1571796044.307779,0.000000,0.000000,1500.000000,0.000000,1500.000000,0.000000
2.408279,1571796044.318207,0.000000,0.000000,1500.000000,0.000000,1500.000000,0.000000
2.422709,1571796044.332622,0.000000,0.000000,1500.000000,0.000000,1500.000000,0.000000
2.434217,1571796044.344121,0.000000,0.000000,1500.000000,0.000000,1500.000000,0.000000
2.444834,1571796044.354746,0.000000,0.000000,1500.000000,0.000000,1500.000000,0.000000
2.455780,1571796044.365679,0.000000,0.000000,1500.000000,0.000000,1500.000000,0.000000
2.472817,1571796044.382714,0.000000,0.000000,1500.000000,0.000000,1500.000000,0.000000
2.482694,1571796044.392620,0.000000,0.000000,1500.000000,0.000000,1500.000000,0.000000
2.495678,1571796044.405579,0.000000,0.000000,1500.000000,0.000000,1500.000000,0.000000
2.509367,1571796044.419268,0.000000,0.000000,1500.000000,0.000000,1500.000000,0.000000
2.519289,1571796044.429250,0.000000,0.000000,1500.000000,0.000000,1500.000000,0.000000
2.538322,1571796044.448224,0.000000,0.000000,1500.000000,0.000000,1500.000000,0.000000
2.549908,1571796044.459810,0.000000,0.000000,1500.000000,0.000000,1500.000000,0.000000
2.561445,1571796044.471349,0.000000,0.000000,1500.000000,0.000000,1500.000000,0.000000
2.573155,1571796044.483062,0.000000,0.000000,1500.000000,0.000000,1500.000000,0.000000
2.590987,1571796044.500923,0.000000,0.000000,1500.000000,0.000000,1500.000000,0.000000
2.602170,1571796044.512104,0.000000,0.000000,1500.000000,0.000000,1500.000000,0.000000
2.616242,1571796044.526156,0.000000,0.000000,1500.000000,0.000000,1500.000000,0.000000
2.633152,1571796044.543058,0.000000,0.000000,1500.000000,0.000000,1500.000000,0.000000
2.652192,1571796044.562114,0.000000,0.000000,1500.000000,0.000000,1500.000000,0.000000
2.665813,1571796044.575773,0.000000,0.000000,1500.000000,0.000000,1500.000000,0.000000
2.675924,1571796044.585821,0.000000,0.000000,1500.000000,0.000000,1500.000000,0.000000
2.685120,1571796044.595034,0.000000,0.000000,1500.000000,0.000000,1500.000000,0.000000
2.696017,1571796044.605918,0.000000,0.000000,1500.000000,0.000000,1500.000000,0.000000
2.705007,1571796044.614899,0.000000,0.000000,1500.000000,0.000000,1500.000000,0.000000
2.716710,1571796044.626625,0.000000,0.000000,1500.000000,0.000000,1500.000000,0.000000
2.728861,1571796044.638791,0.000000,0.000000,1500.000000,0.000000,1500.000000,0.000000
2.757316,1571796044.667233,0.000000,0.000000,1500.000000,0.000000,1500.000000,0.000000
2.767957,1571796044.677858,0.000000,0.000000,1500.000000,0.000000,1500.000000,0.000000
2.781115,1571796044.691014,0.000000,0.000000,1500.000000,0.000000,1500.000000,0.000000
2.804572,1571796044.714535,0.000000,0.000000,1500.000000,0.000000,1500.000000,0.000000
2.818399,1571796044.728312,0.000000,0.000000,1500.000000,0.000000,1500.000000,0.000000
2.840453,1571796044.750357,0.000000,0.000000,1500.000000,0.000000,1500.000000,0.000000
2.876806,1571796044.786750,0.000000,0.000000,1500.000000,0.000000,1500.000000,0.000000
2.888505,1571796044.798410,0.000000,0.000000,1500.000000,0.000000,1500.000000,0.000000
2.898490,1571796044.808396,0.000000,0.000000,1500.000000,0.000000,1500.000000,0.000000
2.912297,1571796044.822201,0.000000,0.000000,1500.000000,0.000000,1500.000000,0.000000
2.925546,1571796044.835464,0.000000,0.000000,1500.000000,0.000000,1500.000000,0.000000
2.940306,1571796044.850239,0.000000,0.000000,1500.000000,0.000000,1500.000000,0.000000
2.953886,1571796044.863789,0.000000,0.000000,1500.000000,0.000000,1500.000000,0.000000
2.964060,1571796044.873987,0.000000,0.000000,1500.000000,0.000000,1500.000000,0.000000
2.974537,1571796044.884480,0.000000,0.000000,1500.000000,0.000000,1500.000000,0.000000
2.986729,1571796044.896628,0.000000,0.000000,1500.000000,0.000000,1500.000000,0.000000
2.997788,1571796044.907689,0.000000,0.000000,1500.000000,0.000000,1500.000000,0.000000
3.012711,1571796044.922651,0.000000,0.000000,1500.000000,0.000000,1500.000000,0.000000
3.026461,1571796044.936417,0.000000,0.000000,1500.000000,0.000000,1500.000000,0.000000
3.038959,1571796044.948934,0.000000,0.000000,1500.000000,0.000000,1500.000000,0.000000
3.047915,1571796044.957841,0.000000,0.000000,1500.000000,0.000000,1500.000000,0.000000
3.063199,1571796044.973104,0.000000,0.000000,1500.000000,0.000000,1500.000000,0.000000
3.072888,1571796044.982784,0.000000,0.000000,1500.000000,0.000000,1500.000000,0.000000
3.081558,1571796044.991445,0.000000,0.000000,1500.000000,0.000000,1500.000000,0.000000
3.091414,1571796045.001323,0.000000,0.000000,1500.000000,0.000000,1500.000000,0.000000
3.106279,1571796045.016202,0.000000,0.000000,1500.000000,0.000000,1500.000000,0.000000
3.114384,1571796045.024444,0.000000,0.000000,1500.000000,0.000000,1500.000000,0.000000
3.129936,1571796045.039852,0.000000,0.000000,1500.000000,0.000000,1500.000000,0.000000
3.139921,1571796045.049818,0.000000,0.000000,1500.000000,0.000000,1500.000000,0.000000
3.149842,1571796045.059794,0.000000,0.000000,1500.000000,0.000000,1500.000000,0.000000
3.167852,1571796045.077772,0.000000,0.000000,1500.000000,0.000000,1500.000000,0.000000
3.178701,1571796045.088602,0.000000,0.000000,1500.000000,0.000000,1500.000000,0.000000
3.189618,1571796045.099527,0.000000,0.000000,1500.000000,0.000000,1500.000000,0.000000
3.207131,1571796045.117039,0.000000,0.000000,1500.000000,0.000000,1500.000000,0.000000
3.226130,1571796045.136099,0.000000,0.000000,1500.000000,0.000000,1500.000000,0.000000
3.239349,1571796045.149256,0.000000,0.000000,1500.000000,0.000000,1500.000000,0.000000
3.252695,1571796045.162596,0.000000,0.000000,1500.000000,0.000000,1500.000000,0.000000
3.258905,1571796045.168814,0.000000,0.000000,1500.000000,0.000000,1500.000000,0.000000
3.269506,1571796045.179410,0.000000,0.000000,1500.000000,0.000000,1500.000000,0.000000
3.288266,1571796045.198170,0.000000,0.000000,1500.000000,0.000000,1500.000000,0.000000
3.297665,1571796045.207569,0.000000,0.000000,1500.000000,0.000000,1500.000000,0.000000
3.313418,1571796045.223346,0.000000,0.000000,1500.000000,0.000000,1500.000000,0.000000
3.327701,1571796045.237617,0.000000,0.000000,1500.000000,0.000000,1500.000000,0.000000
3.336795,1571796045.246696,0.000000,0.000000,1500.000000,0.000000,1500.000000,0.000000
3.342532,1571796045.252428,0.000000,0.000000,1500.000000,0.000000,1500.000000,0.000000
3.359238,1571796045.269144,0.000000,0.000000,1500.000000,0.000000,1500.000000,0.000000
3.369449,1571796045.279349,0.000000,0.000000,1500.000000,0.000000,1500.000000,0.000000
3.379126,1571796045.289033,0.000000,0.000000,1500.000000,0.000000,1500.000000,0.000000
3.397656,1571796045.307565,0.000000,0.000000,1500.000000,0.000000,1500.000000,0.000000
3.410295,1571796045.320197,0.000000,0.000000,1500.000000,0.000000,1500.000000,0.000000
3.420078,1571796045.329998,0.000000,0.000000,1500.000000,0.000000,1500.000000,0.000000
3.445179,1571796045.355103,0.000000,0.000000,1500.000000,0.000000,1500.000000,0.000000
3.455786,1571796045.365682,0.000000,0.000000,1500.000000,0.000000,1500.000000,0.000000
3.476106,1571796045.386022,0.000000,0.000000,1500.000000,0.000000,1500.000000,0.000000
3.494133,1571796045.404057,0.000000,0.000000,1500.000000,0.000000,1500.000000,0.000000
3.505304,1571796045.415227,0.000000,0.000000,1500.000000,0.000000,1500.000000,0.000000
3.522845,1571796045.432746,0.000000,0.000000,1500.000000,0.000000,1500.000000,0.000000
3.534113,1571796045.444061,0.000000,0.000000,1500.000000,0.000000,1500.000000,0.000000
3.550888,1571796045.460786,0.000000,0.000000,1500.000000,0.000000,1500.000000,0.000000
3.578231,1571796045.488131,0.000000,0.000000,1500.000000,0.000000,1500.000000,0.000000
3.594135,1571796045.504053,0.000000,0.000000,1500.000000,0.000000,1500.000000,0.000000
3.608593,1571796045.518535,0.000000,0.000000,1500.000000,0.000000,1500.000000,0.000000
3.620589,1571796045.530521,0.000000,0.000000,1500.000000,0.000000,1500.000000,0.000000
3.632179,1571796045.542097,0.000000,0.000000,1500.000000,0.000000,1500.000000,0.000000
3.658244,1571796045.568141,0.000000,0.000000,1500.000000,0.000000,1500.000000,0.000000
3.675679,1571796045.585600,0.000000,0.000000,1500.000000,0.000000,1500.000000,0.000000
3.695880,1571796045.605783,0.000000,0.000000,1500.000000,0.000000,1500.000000,0.000000
3.706151,1571796045.616065,0.000000,0.000000,1500.000000,0.000000,1500.000000,0.000000
3.721272,1571796045.631193,0.000000,0.000000,1500.000000,0.000000,1500.000000,0.000000
3.751796,1571796045.661703,0.000000,0.000000,1500.000000,0.000000,1500.000000,0.000000
3.772624,1571796045.682544,0.000000,0.000000,1500.000000,0.000000,1500.000000,0.000000
3.782600,1571796045.692529,0.000000,0.000000,1500.000000,0.000000,1500.000000,0.000000
3.795391,1571796045.705346,0.000000,0.000000,1500.000000,0.000000,1500.000000,0.000000
3.807972,1571796045.717875,0.000000,0.000000,1500.000000,0.000000,1500.000000,0.000000
3.832658,1571796045.742563,0.000000,0.000000,1500.000000,0.000000,1500.000000,0.000000
3.843295,1571796045.753216,0.000000,0.000000,1500.000000,0.000000,1500.000000,0.000000
3.857476,1571796045.767400,0.000000,0.000000,1500.000000,0.000000,1500.000000,0.000000
3.871559,1571796045.781559,0.000000,0.000000,1500.000000,0.000000,1500.000000,0.000000
3.882425,1571796045.792523,0.000000,0.000000,1500.000000,0.000000,1500.000000,0.000000
3.893402,1571796045.803324,0.000000,0.000000,1500.000000,0.000000,1500.000000,0.000000
3.901641,1571796045.811578,0.000000,0.000000,1500.000000,0.000000,1500.000000,0.000000
3.921379,1571796045.831288,0.000000,0.000000,1500.000000,0.000000,1500.000000,0.000000
3.939581,1571796045.849484,0.000000,0.000000,1500.000000,0.000000,1500.000000,0.000000
3.956615,1571796045.866578,0.000000,0.000000,1500.000000,0.000000,1500.000000,0.000000
3.965958,1571796045.875864,0.000000,0.000000,1500.000000,0.000000,1500.000000,0.000000
3.983268,1571796045.893166,0.000000,0.000000,1500.000000,0.000000,1500.000000,0.000000
3.993215,1571796045.903115,0.000000,0.000000,1500.000000,0.000000,1500.000000,0.000000
4.005125,1571796045.915065,0.000000,0.000000,1500.000000,0.000000,1500.000000,0.000000
4.016923,1571796045.926859,0.000000,0.000000,1500.000000,0.000000,1500.000000,0.000000
4.028942,1571796045.938900,0.000000,0.000000,1500.000000,0.000000,1500.000000,0.000000
4.041063,1571796045.951006,0.000000,0.000000,1500.000000,0.000000,1500.000000,0.000000
4.053251,1571796045.963168,0.000000,0.000000,1500.000000,0.000000,1500.000000,0.000000
4.085023,1571796045.994959,0.000000,0.000000,1500.000000,0.000000,1500.000000,0.000000
4.107894,1571796046.017804,0.000000,0.000000,1500.000000,0.000000,1500.000000,0.000000
4.120659,1571796046.030574,0.000000,0.000000,1500.000000,0.000000,1500.000000,0.000000
4.143970,1571796046.053886,0.000000,0.000000,1500.000000,0.000000,1500.000000,0.000000
4.166683,1571796046.076653,0.000000,0.000000,1500.000000,0.000000,1500.000000,0.000000
4.185109,1571796046.095012,0.000000,0.000000,1500.000000,0.000000,1500.000000,0.000000
4.198432,1571796046.108339,0.000000,0.000000,1500.000000,0.000000,1500.000000,0.000000
4.213527,1571796046.123569,0.000000,0.000000,1500.000000,0.000000,1500.000000,0.000000
4.226787,1571796046.136697,0.000000,0.000000,1500.000000,0.000000,1500.000000,0.000000
4.239930,1571796046.149965,0.000000,0.000000,1500.000000,0.000000,1500.000000,0.000000
4.258320,1571796046.168231,0.000000,0.000000,1500.000000,0.000000,1500.000000,0.000000
4.271780,1571796046.181677,0.000000,0.000000,1500.000000,0.000000,1500.000000,0.000000
4.280948,1571796046.190940,0.000000,0.000000,1500.000000,0.000000,1500.000000,0.000000
4.296355,1571796046.206259,0.000000,0.000000,1500.000000,0.000000,1500.000000,0.000000
4.313676,1571796046.223575,0.000000,0.000000,1500.000000,0.000000,1500.000000,0.000000
4.324149,1571796046.234142,0.000000,0.000000,1500.000000,0.000000,1500.000000,0.000000
4.332323,1571796046.242229,0.000000,0.000000,1500.000000,0.000000,1500.000000,0.000000
4.350479,1571796046.260394,0.000000,0.000000,1500.000000,0.000000,1500.000000,0.000000
4.365305,1571796046.275249,0.000000,0.000000,1500.000000,0.000000,1500.000000,0.000000
4.378256,1571796046.288160,0.000000,0.000000,1500.000000,0.000000,1500.000000,0.000000
4.388559,1571796046.298490,0.000000,0.000000,1500.000000,0.000000,1500.000000,0.000000
4.401908,1571796046.311892,0.000000,0.000000,1500.000000,0.000000,1500.000000,0.000000
4.415511,1571796046.325417,0.000000,0.000000,1500.000000,0.000000,1500.000000,0.000000
4.433261,1571796046.343182,0.000000,0.000000,1500.000000,0.000000,1500.000000,0.000000
4.444536,1571796046.354441,0.000000,0.000000,1500.000000,0.000000,1500.000000,0.000000
4.462135,1571796046.372046,0.000000,0.000000,1500.000000,0.000000,1500.000000,0.000000
4.475575,1571796046.385474,0.000000,0.000000,1500.000000,0.000000,1500.000000,0.000000
4.486547,1571796046.396465,0.000000,0.000000,1500.000000,0.000000,1500.000000,0.000000
4.497927,1571796046.407830,0.000000,0.000000,1500.000000,0.000000,1500.000000,0.000000
4.515491,1571796046.425407,0.000000,0.000000,1500.000000,0.000000,1500.000000,0.000000
4.524863,1571796046.434759,0.000000,0.000000,1500.000000,0.000000,1500.000000,0.000000
4.534536,1571796046.444430,0.000000,0.000000,1500.000000,0.000000,1500.000000,0.000000
4.544101,1571796046.454002,0.000000,0.000000,1500.000000,0.000000,1500.000000,0.000000
4.555725,1571796046.465641,0.000000,0.000000,1500.000000,0.000000,1500.000000,0.000000
4.573800,1571796046.483725,0.000000,0.000000,1500.000000,0.000000,1500.000000,0.000000
4.590286,1571796046.500198,0.000000,0.000000,1500.000000,0.000000,1500.000000,0.000000
4.608947,1571796046.518868,0.000000,0.000000,1500.000000,0.000000,1500.000000,0.000000
4.619615,1571796046.529519,0.000000,0.000000,1500.000000,0.000000,1500.000000,0.000000
4.631645,1571796046.541560,0.000000,0.000000,1500.000000,0.000000,1500.000000,0.000000
4.648565,1571796046.558545,0.000000,0.000000,1500.000000,0.000000,1500.000000,0.000000
4.664815,1571796046.574740,0.000000,0.000000,1500.000000,0.000000,1500.000000,0.000000
4.694641,1571796046.604549,0.000000,0.000000,1500.000000,0.000000,1500.000000,0.000000
4.713422,1571796046.623348,0.000000,0.000000,1500.000000,0.000000,1500.000000,0.000000
4.725155,1571796046.635063,0.000000,0.000000,1500.000000,0.000000,1500.000000,0.000000
4.752015,1571796046.661919,0.000000,0.000000,1500.000000,0.000000,1500.000000,0.000000
4.781424,1571796046.691329,0.000000,0.000000,1500.000000,0.000000,1500.000000,0.000000
4.797219,1571796046.708663,0.000000,0.000000,1500.000000,0.000000,1500.000000,0.000000
4.812626,1571796046.722550,0.000000,0.000000,1500.000000,0.000000,1500.000000,0.000000
4.825423,1571796046.735512,0.000000,0.000000,1500.000000,0.000000,1500.000000,0.000000
4.839954,1571796046.749859,0.000000,0.000000,1500.000000,0.000000,1500.000000,0.000000
4.853723,1571796046.763643,0.000000,0.000000,1500.000000,0.000000,1500.000000,0.000000
4.875939,1571796046.785840,0.000000,0.000000,1500.000000,0.000000,1500.000000,0.000000
4.899904,1571796046.809834,0.000000,0.000000,1500.000000,0.000000,1500.000000,0.000000
4.909960,1571796046.819855,0.000000,0.000000,1500.000000,0.000000,1500.000000,0.000000
4.919357,1571796046.829258,0.000000,0.000000,1500.000000,0.000000,1500.000000,0.000000
4.931703,1571796046.841626,0.000000,0.000000,1500.000000,0.000000,1500.000000,0.000000
4.950168,1571796046.860067,0.000000,0.000000,1500.000000,0.000000,1500.000000,0.000000
4.968599,1571796046.878524,0.000000,0.000000,1500.000000,0.000000,1500.000000,0.000000
4.986075,1571796046.895983,0.000000,0.000000,1500.000000,0.000000,1500.000000,0.000000
5.013976,1571796046.923922,0.000000,0.000000,1500.000000,0.000000,1500.000000,0.000000
5.038932,1571796046.948886,0.000000,0.000000,1500.000000,0.000000,1500.000000,0.000000
5.048700,1571796046.958606,0.000000,0.000000,1500.000000,0.000000,1500.000000,0.000000
5.079812,1571796046.989717,0.000000,0.000000,1500.000000,0.000000,1500.000000,0.000000
5.091101,1571796047.001010,0.000000,0.000000,1500.000000,0.000000,1500.000000,0.000000
5.102750,1571796047.012675,0.000000,0.000000,1500.000000,0.000000,1500.000000,0.000000
5.113726,1571796047.023649,0.000000,0.000000,1500.000000,0.000000,1500.000000,0.000000
5.131620,1571796047.041527,0.000000,0.000000,1500.000000,0.000000,1500.000000,0.000000
5.141975,1571796047.051888,0.000000,0.000000,1500.000000,0.000000,1500.000000,0.000000
5.153167,1571796047.063070,0.000000,0.000000,1500.000000,0.000000,1500.000000,0.000000
5.163743,1571796047.073679,0.000000,0.000000,1500.000000,0.000000,1500.000000,0.000000
5.176503,1571796047.086436,0.000000,0.000000,1500.000000,0.000000,1500.000000,0.000000
5.191586,1571796047.101504,0.000000,0.000000,1500.000000,0.000000,1500.000000,0.000000
5.201831,1571796047.111736,0.000000,0.000000,1500.000000,0.000000,1500.000000,0.000000
5.215852,1571796047.125787,0.000000,0.000000,1500.000000,0.000000,1500.000000,0.000000
5.229628,1571796047.139532,0.000000,0.000000,1500.000000,0.000000,1500.000000,0.000000
5.243098,1571796047.153017,0.000000,0.000000,1500.000000,0.000000,1500.000000,0.000000
5.264194,1571796047.174138,0.000000,0.000000,1500.000000,0.000000,1500.000000,0.000000
5.284082,1571796047.193993,0.000000,0.000000,1500.000000,0.000000,1500.000000,0.000000
5.290467,1571796047.200373,0.000000,0.000000,1500.000000,0.000000,1500.000000,0.000000
5.304081,1571796047.213998,0.000000,0.000000,1500.000000,0.000000,1500.000000,0.000000
5.329172,1571796047.239097,0.000000,0.000000,1500.000000,0.000000,1500.000000,0.000000
5.339303,1571796047.249202,0.000000,0.000000,1500.000000,0.000000,1500.000000,0.000000
5.352320,1571796047.262225,0.000000,0.000000,1500.000000,0.000000,1500.000000,0.000000
5.362297,1571796047.272210,0.000000,0.000000,1500.000000,0.000000,1500.000000,0.000000
5.373898,1571796047.283834,0.000000,0.000000,1500.000000,0.000000,1500.000000,0.000000
5.387521,1571796047.297441,0.000000,0.000000,1500.000000,0.000000,1500.000000,0.000000
5.400789,1571796047.310741,0.000000,0.000000,1500.000000,0.000000,1500.000000,0.000000
5.417024,1571796047.326938,0.000000,0.000000,1500.000000,0.000000,1500.000000,0.000000
5.426595,1571796047.336491,0.000000,0.000000,1500.000000,0.000000,1500.000000,0.000000
5.436092,1571796047.345990,0.000000,0.000000,1500.000000,0.000000,1500.000000,0.000000
5.446192,1571796047.356134,0.000000,0.000000,1500.000000,0.000000,1500.000000,0.000000
5.463562,1571796047.373482,0.000000,0.000000,1500.000000,0.000000,1500.000000,0.000000
5.474339,1571796047.384241,0.000000,0.000000,1500.000000,0.000000,1500.000000,0.000000
5.489553,1571796047.399467,0.000000,0.000000,1500.000000,0.000000,1500.000000,0.000000
5.509013,1571796047.418926,0.000000,0.000000,1500.000000,0.000000,1500.000000,0.000000
5.527128,1571796047.437035,0.000000,0.000000,1500.000000,0.000000,1500.000000,0.000000
5.540113,1571796047.450032,0.000000,0.000000,1500.000000,0.000000,1500.000000,0.000000
5.548828,1571796047.458880,0.000000,0.000000,1500.000000,0.000000,1500.000000,0.000000
5.568619,1571796047.478528,0.000000,0.000000,1500.000000,0.000000,1500.000000,0.000000
5.577763,1571796047.487672,0.000000,0.000000,1500.000000,0.000000,1500.000000,0.000000
5.592080,1571796047.501981,0.000000,0.000000,1500.000000,0.000000,1500.000000,0.000000
5.611143,1571796047.521059,0.000000,0.000000,1500.000000,0.000000,1500.000000,0.000000
5.620059,1571796047.529986,0.000000,0.000000,1500.000000,0.000000,1500.000000,0.000000
5.632038,1571796047.541932,0.000000,0.000000,1500.000000,0.000000,1500.000000,0.000000
5.654847,1571796047.564747,0.000000,0.000000,1500.000000,0.000000,1500.000000,0.000000
5.664851,1571796047.574761,0.000000,0.000000,1500.000000,0.000000,1500.000000,0.000000
5.677953,1571796047.587858,0.000000,0.000000,1500.000000,0.000000,1500.000000,0.000000
5.691976,1571796047.601897,0.000000,0.000000,1500.000000,0.000000,1500.000000,0.000000
5.701164,1571796047.611059,0.000000,0.000000,1500.000000,0.000000,1500.000000,0.000000
5.706637,1571796047.616537,0.000000,0.000000,1500.000000,0.000000,1500.000000,0.000000
5.720953,1571796047.630859,0.000000,0.000000,1500.000000,0.000000,1500.000000,0.000000
5.733150,1571796047.643068,0.000000,0.000000,1500.000000,0.000000,1500.000000,0.000000
5.748625,1571796047.658523,0.000000,0.000000,1500.000000,0.000000,1500.000000,0.000000
5.758513,1571796047.668431,0.000000,0.000000,1500.000000,0.000000,1500.000000,0.000000
5.769232,1571796047.679144,0.000000,0.000000,1500.000000,0.000000,1500.000000,0.000000
5.785131,1571796047.695034,0.000000,0.000000,1500.000000,0.000000,1500.000000,0.000000
5.798581,1571796047.708546,0.000000,0.000000,1500.000000,0.000000,1500.000000,0.000000
5.813333,1571796047.723239,0.000000,0.000000,1500.000000,0.000000,1500.000000,0.000000
5.827721,1571796047.737626,0.000000,0.000000,1500.000000,0.000000,1500.000000,0.000000
5.857223,1571796047.767197,0.000000,0.000000,1500.000000,0.000000,1500.000000,0.000000
5.884590,1571796047.794509,0.000000,0.000000,1500.000000,0.000000,1500.000000,0.000000
5.894723,1571796047.804679,0.000000,0.000000,1500.000000,0.000000,1500.000000,0.000000
5.911561,1571796047.821512,0.000000,0.000000,1500.000000,0.000000,1500.000000,0.000000
5.926443,1571796047.836358,0.000000,0.000000,1500.000000,0.000000,1500.000000,0.000000
5.944908,1571796047.854809,0.000000,0.000000,1500.000000,0.000000,1500.000000,0.000000
5.956006,1571796047.865935,0.000000,0.000000,1500.000000,0.000000,1500.000000,0.000000
5.974351,1571796047.884277,0.000000,0.000000,1500.000000,0.000000,1500.000000,0.000000
5.994243,1571796047.904176,0.000000,0.000000,1500.000000,0.000000,1500.000000,0.000000
6.025160,1571796047.935121,0.000000,0.000000,1500.000000,0.000000,1500.000000,0.000000
6.039586,1571796047.949510,0.000000,0.000000,1500.000000,0.000000,1500.000000,0.000000
6.055522,1571796047.965479,0.000000,0.000000,1500.000000,0.000000,1500.000000,0.000000
6.071606,1571796047.981512,0.000000,0.000000,1500.000000,0.000000,1500.000000,0.000000
6.086259,1571796047.996173,0.000000,0.000000,1500.000000,0.000000,1500.000000,0.000000
6.099327,1571796048.009243,0.000000,0.000000,1500.000000,0.000000,1500.000000,0.000000
6.114992,1571796048.024966,0.000000,0.000000,1500.000000,0.000000,1500.000000,0.000000
6.126730,1571796048.036635,0.000000,0.000000,1500.000000,0.000000,1500.000000,0.000000
6.132468,1571796048.042360,0.000000,0.000000,1500.000000,0.000000,1500.000000,0.000000
6.147383,1571796048.057289,0.000000,0.000000,1500.000000,0.000000,1500.000000,0.000000
6.166368,1571796048.076267,0.000000,0.000000,1500.000000,0.000000,1500.000000,0.000000
6.176134,1571796048.086035,0.000000,0.000000,1500.000000,0.000000,1500.000000,0.000000
6.196054,1571796048.105960,0.000000,0.000000,1500.000000,0.000000,1500.000000,0.000000
6.210271,1571796048.120186,0.000000,0.000000,1500.000000,0.000000,1500.000000,0.000000
6.217124,1571796048.127049,0.000000,0.000000,1500.000000,0.000000,1500.000000,0.000000
6.235894,1571796048.145841,0.000000,0.000000,1500.000000,0.000000,1500.000000,0.000000
6.247114,1571796048.158265,0.000000,0.000000,1500.000000,0.000000,1500.000000,0.000000
6.269158,1571796048.179060,0.000000,0.000000,1500.000000,0.000000,1500.000000,0.000000
6.280170,1571796048.190090,0.000000,0.000000,1500.000000,0.000000,1500.000000,0.000000
6.301536,1571796048.211443,0.000000,0.000000,1500.000000,0.000000,1500.000000,0.000000
6.312484,1571796048.222421,0.000000,0.000000,1500.000000,0.000000,1500.000000,0.000000
6.338177,1571796048.248085,0.000000,0.000000,1500.000000,0.000000,1500.000000,0.000000
6.352335,1571796048.262249,0.000000,0.000000,1500.000000,0.000000,1500.000000,0.000000
6.362561,1571796048.272512,0.000000,0.000000,1500.000000,0.000000,1500.000000,0.000000
6.376192,1571796048.286129,0.000000,0.000000,1500.000000,0.000000,1500.000000,0.000000
6.387246,1571796048.297153,0.000000,0.000000,1500.000000,0.000000,1500.000000,0.000000
6.397485,1571796048.307415,0.000000,0.000000,1500.000000,0.000000,1500.000000,0.000000
6.420525,1571796048.330452,0.000000,0.000000,1500.000000,0.000000,1500.000000,0.000000
6.438561,1571796048.348491,0.000000,0.000000,1500.000000,0.000000,1500.000000,0.000000
6.467829,1571796048.377734,0.000000,0.000000,1500.000000,0.000000,1500.000000,0.000000
6.477859,1571796048.387765,0.000000,0.000000,1500.000000,0.000000,1500.000000,0.000000
6.485780,1571796048.395691,0.000000,0.000000,1500.000000,0.000000,1500.000000,0.000000
6.501678,1571796048.411612,0.000000,0.000000,1500.000000,0.000000,1500.000000,0.000000
6.522136,1571796048.432052,0.000000,0.000000,1500.000000,0.000000,1500.000000,0.000000
6.532167,1571796048.442100,0.000000,0.000000,1500.000000,0.000000,1500.000000,0.000000
6.550723,1571796048.460651,0.000000,0.000000,1500.000000,0.000000,1500.000000,0.000000
6.569771,1571796048.479680,0.000000,0.000000,1500.000000,0.000000,1500.000000,0.000000
6.581682,1571796048.491603,0.000000,0.000000,1500.000000,0.000000,1500.000000,0.000000
6.602544,1571796048.512480,0.000000,0.000000,1500.000000,0.000000,1500.000000,0.000000
6.619414,1571796048.529321,0.000000,0.000000,1500.000000,0.000000,1500.000000,0.000000
6.635818,1571796048.545717,0.000000,0.000000,1500.000000,0.000000,1500.000000,0.000000
6.645849,1571796048.555746,0.000000,0.000000,1500.000000,0.000000,1500.000000,0.000000
6.669158,1571796048.579087,0.000000,0.000000,1500.000000,0.000000,1500.000000,0.000000
6.680009,1571796048.589928,0.000000,0.000000,1500.000000,0.000000,1500.000000,0.000000
6.691297,1571796048.601201,0.000000,0.000000,1500.000000,0.000000,1500.000000,0.000000
6.708473,1571796048.618392,0.000000,0.000000,1500.000000,0.000000,1500.000000,0.000000
6.722338,1571796048.632278,0.000000,0.000000,1500.000000,0.000000,1500.000000,0.000000
6.736296,1571796048.646197,0.000000,0.000000,1500.000000,0.000000,1500.000000,0.000000
6.753970,1571796048.663908,0.000000,0.000000,1500.000000,0.000000,1500.000000,0.000000
6.769081,1571796048.679017,0.000000,0.000000,1500.000000,0.000000,1500.000000,0.000000
6.787241,1571796048.697213,0.000000,0.000000,1500.000000,0.000000,1500.000000,0.000000
6.798967,1571796048.708893,0.000000,0.000000,1500.000000,0.000000,1500.000000,0.000000
6.810322,1571796048.720230,0.000000,0.000000,1500.000000,0.000000,1500.000000,0.000000
6.821974,1571796048.731880,0.000000,0.000000,1500.000000,0.000000,1500.000000,0.000000
6.834452,1571796048.744353,0.000000,0.000000,1500.000000,0.000000,1500.000000,0.000000
6.849051,1571796048.758956,0.000000,0.000000,1500.000000,0.000000,1500.000000,0.000000
6.866501,1571796048.776405,0.000000,0.000000,1500.000000,0.000000,1500.000000,0.000000
6.884830,1571796048.794758,0.000000,0.000000,1500.000000,0.000000,1500.000000,0.000000
6.907583,1571796048.817493,0.000000,0.000000,1500.000000,0.000000,1500.000000,0.000000
6.920787,1571796048.830701,0.000000,0.000000,1500.000000,0.000000,1500.000000,0.000000
6.933514,1571796048.843450,0.000000,0.000000,1500.000000,0.000000,1500.000000,0.000000
6.944657,1571796048.854574,0.000000,0.000000,1500.000000,0.000000,1500.000000,0.000000
6.984456,1571796048.894380,0.000000,0.000000,1500.000000,0.000000,1500.000000,0.000000
6.994967,1571796048.904979,0.000000,0.000000,1500.000000,0.000000,1500.000000,0.000000
7.005371,1571796048.915294,0.000000,0.000000,1500.000000,0.000000,1500.000000,0.000000
7.025712,1571796048.935653,0.000000,0.000000,1500.000000,0.000000,1500.000000,0.000000
7.034982,1571796048.944911,0.000000,0.000000,1500.000000,0.000000,1500.000000,0.000000
7.045889,1571796048.955801,0.000000,0.000000,1500.000000,0.000000,1500.000000,0.000000
7.059641,1571796048.969566,0.000000,0.000000,1500.000000,0.000000,1500.000000,0.000000
7.075605,1571796048.985519,0.000000,0.000000,1500.000000,0.000000,1500.000000,0.000000
7.087560,1571796048.997500,0.000000,0.000000,1500.000000,0.000000,1500.000000,0.000000
7.109575,1571796049.019543,0.000000,0.000000,1500.000000,0.000000,1500.000000,0.000000
7.126988,1571796049.036968,0.000000,0.000000,1500.000000,0.000000,1500.000000,0.000000
7.140479,1571796049.050379,0.000000,0.000000,1500.000000,0.000000,1500.000000,0.000000
7.149687,1571796049.059588,0.000000,0.000000,1500.000000,0.000000,1500.000000,0.000000
7.159961,1571796049.069863,0.000000,0.000000,1500.000000,0.000000,1500.000000,0.000000
7.169499,1571796049.079427,0.000000,0.000000,1500.000000,0.000000,1500.000000,0.000000
7.191583,1571796049.101485,0.000000,0.000000,1500.000000,0.000000,1500.000000,0.000000
7.207390,1571796049.117294,0.000000,0.000000,1500.000000,0.000000,1500.000000,0.000000
7.222364,1571796049.132288,0.000000,0.000000,1500.000000,0.000000,1500.000000,0.000000
7.235295,1571796049.145191,0.000000,0.000000,1500.000000,0.000000,1500.000000,0.000000
7.247298,1571796049.157201,0.000000,0.000000,1500.000000,0.000000,1500.000000,0.000000
7.258099,1571796049.168017,0.000000,0.000000,1500.000000,0.000000,1500.000000,0.000000
7.268002,1571796049.177903,0.000000,0.000000,1500.000000,0.000000,1500.000000,0.000000
7.278101,1571796049.188004,0.000000,0.000000,1500.000000,0.000000,1500.000000,0.000000
7.288540,1571796049.198457,0.000000,0.000000,1500.000000,0.000000,1500.000000,0.000000
7.303829,1571796049.213757,0.000000,0.000000,1500.000000,0.000000,1500.000000,0.000000
7.314049,1571796049.227675,0.000000,0.000000,1500.000000,0.000000,1500.000000,0.000000
7.327797,1571796049.237720,0.000000,0.000000,1500.000000,0.000000,1500.000000,0.000000
7.338289,1571796049.248189,0.000000,0.000000,1500.000000,0.000000,1500.000000,0.000000
7.351156,1571796049.261075,0.000000,0.000000,1500.000000,0.000000,1500.000000,0.000000
7.360916,1571796049.270820,0.000000,0.000000,1500.000000,0.000000,1500.000000,0.000000
7.374907,1571796049.285034,0.000000,0.000000,1500.000000,0.000000,1500.000000,0.000000
7.390369,1571796049.300308,0.000000,0.000000,1500.000000,0.000000,1500.000000,0.000000
7.411713,1571796049.321666,0.000000,0.000000,1500.000000,0.000000,1500.000000,0.000000
7.428547,1571796049.338515,0.000000,0.000000,1500.000000,0.000000,1500.000000,0.000000
7.445962,1571796049.355875,0.000000,0.000000,1500.000000,0.000000,1500.000000,0.000000
7.454241,1571796049.364215,0.000000,0.000000,1500.000000,0.000000,1500.000000,0.000000
7.473082,1571796049.382998,0.000000,0.000000,1500.000000,0.000000,1500.000000,0.000000
7.483971,1571796049.393888,0.000000,0.000000,1500.000000,0.000000,1500.000000,0.000000
7.498647,1571796049.408555,0.000000,0.000000,1500.000000,0.000000,1500.000000,0.000000
7.517958,1571796049.427863,0.000000,0.000000,1482.855311,250.000000,1501.000000,0.000000
7.527227,1571796049.437168,83.082060,901.000000,1481.317558,1750.000000,1507.000000,78.390000
7.545701,1571796049.455617,5.541987,2194.000000,1480.209232,1750.000000,1507.000000,12.733000
7.554944,1571796049.465045,-0.529929,3431.000000,1478.614370,1750.000000,1507.000000,-1.904000
7.569382,1571796049.479409,0.806993,3802.000000,1476.490980,250.000000,1501.000000,3.213000
7.581877,1571796049.491831,1.825725,3859.000000,1475.002985,1750.000000,1507.000000,7.378000
7.595089,1571796049.505006,1.350720,3870.000000,1473.468997,1750.000000,1507.000000,5.474000
7.608672,1571796049.518574,1.929950,3945.000000,1471.950680,1750.000000,1507.000000,7.973000
7.625521,1571796049.535427,2.242081,4004.000000,1470.065189,0.000000,1500.000000,9.401000
7.635750,1571796049.545652,2.223139,3987.000000,1467.967234,0.000000,1500.000000,9.282000
7.647090,1571796049.556996,3.120327,4006.000000,1466.660888,250.000000,1501.000000,13.090000
7.664781,1571796049.574683,2.283314,4081.000000,1464.364263,1750.000000,1507.000000,9.758000
7.675289,1571796049.585193,1.862011,4211.000000,1462.656598,1750.000000,1507.000000,8.211000
7.689154,1571796049.599071,2.263678,4267.000000,1461.176613,250.000000,1501.000000,10.115000
7.710608,1571796049.620524,1.928731,4301.000000,1458.949905,0.000000,1500.000000,8.687000
7.724881,1571796049.634811,1.705074,4332.000000,1456.061488,1750.000000,1507.000000,7.735000
7.742239,1571796049.652204,1.272730,4375.000000,1453.259491,1750.000000,1507.000000,5.831000
7.752863,1571796049.662788,1.307937,4431.000000,1451.326575,1750.000000,1507.000000,6.069000
7.762579,1571796049.672472,1.134819,4406.000000,1449.874687,0.000000,1500.000000,5.236000
7.772244,1571796049.682160,1.087184,4390.000000,1448.486592,0.000000,1500.000000,4.998000
7.781782,1571796049.691694,0.854216,4390.000000,1446.943818,1500.000000,1506.000000,3.927000
7.791261,1571796049.701181,0.541250,4409.000000,1445.556681,1500.000000,1506.000000,2.499000
7.806093,1571796049.715994,0.385470,4422.000000,1443.508836,1750.000000,1507.000000,1.785000
7.821749,1571796049.731669,0.516883,4397.000000,1441.769847,1750.000000,1507.000000,2.380000
7.831362,1571796049.741289,0.314710,4333.000000,1440.016731,0.000000,1500.000000,1.428000
7.849484,1571796049.759387,0.159939,4263.000000,1436.947842,250.000000,1501.000000,0.714000
7.860535,1571796049.770465,0.027031,4204.000000,1434.875785,250.000000,1501.000000,0.119000
7.869316,1571796049.779214,0.000000,4129.000000,1433.944916,1750.000000,1507.000000,0.000000
7.885727,1571796049.795630,0.197973,4018.000000,1431.130816,0.000000,1500.000000,0.833000
7.901251,1571796049.811189,0.028827,3942.000000,1429.074835,0.000000,1500.000000,0.119000
7.917267,1571796049.827179,0.088848,3837.000000,1426.649640,250.000000,1501.000000,0.357000
7.925783,1571796049.835706,0.185126,3683.000000,1424.977853,250.000000,1501.000000,0.714000
7.948306,1571796049.858230,0.000000,3643.000000,1422.087981,1500.000000,1506.000000,0.000000
7.969278,1571796049.879202,0.467916,3400.000000,1417.998046,250.000000,1501.000000,1.666000
7.981729,1571796049.891634,0.000000,3378.000000,1415.991686,250.000000,1501.000000,0.000000
7.992171,1571796049.902064,0.101070,3373.000000,1413.982877,1750.000000,1507.000000,0.357000
8.010677,1571796049.920594,0.034105,3332.000000,1412.395207,1750.000000,1507.000000,0.119000
8.034187,1571796049.944097,0.206612,3300.000000,1407.710433,250.000000,1501.000000,0.714000
8.045205,1571796049.955088,0.137491,3306.000000,1405.933284,250.000000,1501.000000,0.476000
8.055848,1571796049.965747,0.000000,3308.000000,1404.177314,250.000000,1501.000000,0.000000
8.066410,1571796049.976339,0.034309,3340.000000,1402.652025,1750.000000,1507.000000,0.120000
8.083405,1571796049.993314,0.409133,3333.000000,1400.884451,1750.000000,1507.000000,1.428000
8.100414,1571796050.010343,0.134561,3378.000000,1397.859786,1750.000000,1507.000000,0.476000
8.113175,1571796050.023102,0.463283,3434.000000,1396.003739,250.000000,1501.000000,1.666000
8.126269,1571796050.036172,0.386848,3525.000000,1393.695920,1750.000000,1507.000000,1.428000
8.155189,1571796050.065096,0.031313,3629.000000,1390.541238,1500.000000,1506.000000,0.119000
8.172870,1571796050.082784,0.440680,3868.000000,1387.215541,0.000000,1500.000000,1.785000
8.185925,1571796050.095829,0.607837,3926.000000,1385.446305,0.000000,1500.000000,2.499000
8.202764,1571796050.112801,0.223859,4061.000000,1383.021933,0.000000,1500.000000,0.952000
8.212783,1571796050.122681,0.981506,4168.000000,1381.707074,1750.000000,1507.000000,4.284000
8.223612,1571796050.133509,1.864244,4145.000000,1380.354432,1750.000000,1507.000000,8.092000
8.232948,1571796050.142834,1.399533,4141.000000,1379.055214,250.000000,1501.000000,6.069000
8.244967,1571796050.154994,2.214233,4157.000000,1377.798851,250.000000,1501.000000,9.639000
8.258590,1571796050.168494,1.774312,4227.000000,1376.019105,250.000000,1501.000000,7.854000
8.269133,1571796050.179042,1.923328,4254.000000,1375.213416,250.000000,1501.000000,8.568000
8.298760,1571796050.208698,1.812512,4326.000000,1371.254741,1750.000000,1507.000000,8.211000
8.317118,1571796050.227021,1.919450,4381.000000,1369.449400,0.000000,1500.000000,8.806000
8.338083,1571796050.248123,1.204097,4530.000000,1367.243911,1500.000000,1506.000000,5.712000
8.376664,1571796050.286582,1.257697,4608.000000,1363.166837,1750.000000,1507.000000,6.069000
8.394884,1571796050.304794,0.072074,4730.000000,1361.819911,0.000000,1500.000000,0.357000
8.413648,1571796050.323550,0.338564,4699.000000,1359.785129,1750.000000,1507.000000,1.666000
8.427117,1571796050.337037,0.122768,4667.000000,1358.900839,1750.000000,1507.000000,0.600000
8.445606,1571796050.355514,0.271858,4598.000000,1357.406418,250.000000,1501.000000,1.309000
8.456360,1571796050.366316,0.049972,4548.000000,1356.482065,250.000000,1501.000000,0.238000
8.468637,1571796050.378564,0.050856,4469.000000,1355.590036,1500.000000,1506.000000,0.238000
8.483325,1571796050.393232,0.209613,4337.000000,1354.802952,1500.000000,1506.000000,0.952000
8.498042,1571796050.407978,0.136222,4171.000000,1353.749824,1750.000000,1507.000000,0.595000
8.515294,1571796050.425202,-0.055405,4102.000000,1352.931300,250.000000,1501.000000,-0.238000
8.528404,1571796050.438348,0.172046,3963.000000,1352.139925,1500.000000,1506.000000,0.714000
8.546887,1571796050.456813,-0.087705,3887.000000,1351.534393,1500.000000,1506.000000,-0.357000
8.574744,1571796050.484660,0.248115,3664.000000,1350.344229,1750.000000,1507.000000,0.952000
8.596591,1571796050.506498,-0.224199,3548.000000,1349.477814,250.000000,1501.000000,-0.833000
8.607288,1571796050.517241,0.000000,3420.000000,1349.241322,250.000000,1501.000000,0.000000
8.621461,1571796050.531363,0.238161,3340.000000,1348.967069,1500.000000,1506.000000,0.833000
8.639547,1571796050.549463,-0.339924,3343.000000,1348.662692,1750.000000,1507.000000,-1.190000
8.646580,1571796050.556520,0.034105,3332.000000,1348.603231,1750.000000,1507.000000,0.119000
8.672959,1571796050.582929,0.034551,3289.000000,1348.465346,1750.000000,1507.000000,0.119000
8.688020,1571796050.597929,0.034519,3292.000000,1348.497228,1750.000000,1507.000000,0.119000
8.705475,1571796050.615385,0.239523,3321.000000,1348.567945,1750.000000,1507.000000,0.833000
8.715848,1571796050.625756,0.101010,3375.000000,1348.706604,1750.000000,1507.000000,0.357000
8.738292,1571796050.648196,0.334029,3402.000000,1349.156794,250.000000,1501.000000,1.190000
8.749349,1571796050.659243,0.752560,3473.000000,1349.434913,1750.000000,1507.000000,2.737000
8.758426,1571796050.668320,0.383908,3552.000000,1349.735893,1750.000000,1507.000000,1.428000
8.771074,1571796050.680995,0.154987,3666.000000,1350.074577,250.000000,1501.000000,0.595000
8.783652,1571796050.693553,0.000000,3738.000000,1350.497440,250.000000,1501.000000,0.000000
8.801679,1571796050.711608,0.416360,3821.000000,1350.976860,250.000000,1501.000000,1.666000
8.822987,1571796050.732976,0.658680,3968.000000,1351.868158,1750.000000,1507.000000,2.737000
8.855819,1571796050.765725,1.285159,3979.000000,1353.948012,250.000000,1501.000000,5.355000
8.873056,1571796050.782959,1.976047,4083.000000,1355.330842,1500.000000,1506.000000,8.449000
8.887278,1571796050.797207,2.001321,4145.000000,1356.098395,1500.000000,1506.000000,8.687000
8.908169,1571796050.818078,2.002055,4257.000000,1357.286292,1750.000000,1507.000000,8.925000
8.924138,1571796050.834065,1.426293,4382.000000,1359.256147,0.000000,1500.000000,6.545000
8.939639,1571796050.849569,1.857889,4465.000000,1360.505413,250.000000,1501.000000,8.687000
8.957376,1571796050.867299,1.604754,4532.000000,1362.198098,1750.000000,1507.000000,7.616000
8.969915,1571796050.879819,1.358699,4600.000000,1363.667796,250.000000,1501.000000,6.545000
8.982441,1571796050.892338,0.700119,4707.000000,1364.647795,250.000000,1501.000000,3.451000
8.996715,1571796050.906650,0.569964,4785.000000,1366.052491,0.000000,1500.000000,2.856000
9.023954,1571796050.933867,0.641076,4786.000000,1367.649953,0.000000,1500.000000,3.213000
9.033419,1571796050.943334,0.694805,4743.000000,1370.708796,1750.000000,1507.000000,3.451000
9.046371,1571796050.956336,-0.166379,4781.000000,1371.896191,1750.000000,1507.000000,-0.833000
9.077985,1571796050.987911,0.000000,4722.000000,1374.718955,250.000000,1501.000000,0.000000
9.089859,1571796050.999789,0.295352,4617.000000,1377.752008,1500.000000,1506.000000,1.428000
9.111949,1571796051.021852,-0.200594,4532.000000,1380.819293,-750.000000,1497.000000,-0.952000
9.136366,1571796051.046352,0.213591,4292.000000,1382.260227,-750.000000,1497.000000,0.960000
9.153997,1571796051.063949,0.396539,4012.000000,1386.831951,-500.000000,1498.000000,1.666000
9.163976,1571796051.073970,-0.396440,4013.000000,1387.842816,-500.000000,1498.000000,-1.666000
9.196200,1571796051.106134,0.213488,3726.000000,1393.433265,-500.000000,1498.000000,0.833000
9.221778,1571796051.131712,-0.283619,3606.000000,1395.483746,-500.000000,1498.000000,-1.071000
9.231964,1571796051.141887,0.033315,3411.000000,1399.369221,1000.000000,1504.000000,0.119000
9.249230,1571796051.159183,0.000000,3343.000000,1400.298842,1000.000000,1504.000000,0.000000
9.277935,1571796051.187838,-0.069375,3276.000000,1404.898196,-750.000000,1497.000000,-0.238000
9.294239,1571796051.204159,0.000000,3232.000000,1409.596540,-500.000000,1498.000000,0.000000
9.312151,1571796051.222061,0.212141,3214.000000,1412.177376,1000.000000,1504.000000,0.714000
9.322616,1571796051.232510,0.177835,3195.000000,1415.169358,-500.000000,1498.000000,0.595000
9.341621,1571796051.251544,0.353018,3219.000000,1416.984360,-500.000000,1498.000000,1.190000
9.356773,1571796051.266667,0.206424,3303.000000,1421.355878,1000.000000,1504.000000,0.714000
9.366087,1571796051.275983,0.579257,3335.000000,1423.083548,1000.000000,1504.000000,2.023000
9.376644,1571796051.286565,0.733785,3407.000000,1424.900972,1000.000000,1504.000000,2.618000
9.386575,1571796051.296505,0.193424,3525.000000,1426.872152,1000.000000,1504.000000,0.714000
9.401518,1571796051.311435,-0.031339,3626.000000,1429.585250,-500.000000,1498.000000,-0.119000
9.417410,1571796051.327334,0.061227,3712.000000,1431.505653,-500.000000,1498.000000,0.238000
9.434774,1571796051.344698,0.505316,3823.000000,1434.509388,1000.000000,1504.000000,2.023000
9.444638,1571796051.354548,0.575230,3951.000000,1437.758531,1000.000000,1504.000000,2.380000
9.456593,1571796051.366547,1.112686,3983.000000,1439.616320,-500.000000,1498.000000,4.641000
9.470505,1571796051.380450,1.489303,4044.000000,1442.482966,-500.000000,1498.000000,6.307000
9.483240,1571796051.393146,1.560483,4078.000000,1444.937750,-500.000000,1498.000000,6.664000
9.499430,1571796051.409337,2.620668,4076.000000,1446.966181,-500.000000,1498.000000,11.186000
9.532268,1571796051.442168,1.600892,4259.000000,1452.333932,-500.000000,1498.000000,7.140000
9.541400,1571796051.451292,2.065645,4346.000000,1456.140701,-500.000000,1498.000000,9.401000
9.555666,1571796051.465573,2.550124,4367.000000,1457.881342,-500.000000,1498.000000,11.662000
9.570799,1571796051.480704,1.925615,4485.000000,1427.000000,1000.000000,1504.000000,9.044000
9.580113,1571796051.490007,-0.024975,4550.000000,1433.000000,1000.000000,1504.000000,-0.119000
9.585675,1571796051.495571,-0.156524,4356.000000,1433.000000,1000.000000,1504.000000,-0.714000
9.608487,1571796051.518425,-0.114294,3977.000000,1434.000000,-500.000000,1498.000000,-0.476000
9.629127,1571796051.539118,0.000000,3606.000000,1428.000000,1000.000000,1504.000000,0.000000
9.644940,1571796051.554872,0.000000,2335.000000,1427.000000,1000.000000,1504.000000,0.000000
9.654919,1571796051.564934,0.000000,1953.000000,1427.000000,1000.000000,1504.000000,0.000000
9.665847,1571796051.575914,0.000000,1673.000000,1433.000000,-500.000000,1498.000000,0.000000
9.694824,1571796051.604753,0.000000,1438.000000,1433.000000,-500.000000,1498.000000,0.000000
9.745805,1571796051.655715,0.000000,764.000000,1433.000000,1000.000000,1504.000000,0.000000
9.772196,1571796051.682155,0.000000,416.000000,1427.000000,1000.000000,1504.000000,0.000000
9.784384,1571796051.694305,0.000000,345.000000,1434.000000,1000.000000,1504.000000,0.000000
9.794245,1571796051.704198,0.000000,272.000000,1434.000000,1000.000000,1504.000000,0.000000
9.810086,1571796051.719992,0.000000,272.000000,1433.000000,-500.000000,1498.000000,0.000000
9.829894,1571796051.739810,0.000000,272.000000,1427.000000,-500.000000,1498.000000,0.000000
9.841624,1571796051.751529,0.000000,230.000000,1427.000000,1000.000000,1504.000000,0.000000
9.856599,1571796051.766630,0.000000,194.000000,1427.000000,1000.000000,1504.000000,0.000000
9.878381,1571796051.788293,0.000000,183.000000,1433.000000,-500.000000,1498.000000,0.000000
9.900058,1571796051.809970,0.000000,183.000000,1433.000000,-500.000000,1498.000000,0.000000
9.922313,1571796051.832234,0.000000,183.000000,1433.000000,1000.000000,1504.000000,0.000000
9.940997,1571796051.850907,0.000000,132.000000,1433.000000,1000.000000,1504.000000,0.000000
9.951434,1571796051.861344,-0.000000,-105.000000,1434.000000,-500.000000,1498.000000,0.000000
9.964810,1571796051.874737,-0.000000,-126.000000,1427.000000,1000.000000,1504.000000,0.000000
9.972553,1571796051.882469,-0.000000,-126.000000,1427.000000,1000.000000,1504.000000,0.000000
9.990140,1571796051.900046,-0.000000,-125.000000,1427.000000,1250.000000,1505.000000,0.000000
10.004942,1571796051.914843,-0.000000,-109.000000,1433.000000,-250.000000,1499.000000,0.000000
10.016871,1571796051.926799,-0.000000,-19.000000,1433.000000,-250.000000,1499.000000,0.000000
10.031697,1571796051.941608,-0.000000,-16.000000,1433.000000,-250.000000,1499.000000,0.000000
10.045344,1571796051.955253,-0.000000,-14.000000,1427.000000,1500.000000,1506.000000,0.000000
10.058529,1571796051.968429,-0.000000,-11.000000,1427.000000,1500.000000,1506.000000,0.000000
10.075481,1571796051.985449,0.800258,142.000000,1433.000000,-250.000000,1499.000000,0.119000
10.102769,1571796052.012703,-0.000000,-32.000000,1433.000000,-250.000000,1499.000000,0.000000
10.114277,1571796052.024182,-0.000000,-23.000000,1427.000000,1500.000000,1506.000000,0.000000
10.133381,1571796052.043281,0.000000,133.000000,1433.000000,1500.000000,1506.000000,0.000000
10.148284,1571796052.058193,0.848035,134.000000,1434.000000,-250.000000,1499.000000,0.119000
10.170482,1571796052.080398,-0.000000,-48.000000,1428.000000,1500.000000,1506.000000,0.000000
10.180762,1571796052.090728,-0.000000,-43.000000,1428.000000,1500.000000,1506.000000,0.000000
10.193857,1571796052.103777,0.000000,98.000000,1427.000000,1250.000000,1505.000000,0.000000
10.206192,1571796052.116110,-0.000000,-52.000000,1433.000000,-250.000000,1499.000000,0.000000
10.226582,1571796052.136487,-0.000000,-49.000000,1433.000000,-250.000000,1499.000000,0.000000
10.236082,1571796052.145965,-0.000000,-38.000000,1433.000000,-250.000000,1499.000000,0.000000
10.253453,1571796052.163442,-0.000000,-31.000000,1433.000000,-250.000000,1499.000000,0.000000
10.278620,1571796052.188515,-0.000000,-18.000000,1433.000000,-2000.000000,1492.000000,0.000000
10.291358,1571796052.201286,-14.323945,-16.000000,1434.000000,-10000.000000,1460.000000,0.240000
10.313440,1571796052.223399,-375.875005,-13.000000,1427.000000,-12750.000000,1449.000000,5.117000
10.323647,1571796052.233550,-8.722110,-456.000000,1433.000000,-17250.000000,1431.000000,4.165000
10.335562,1571796052.245479,-10.514421,-562.000000,1433.000000,-17250.000000,1431.000000,6.188000
10.354893,1571796052.264789,-8.311708,-875.000000,1434.000000,-23250.000000,1407.000000,7.616000
10.364959,1571796052.274896,-5.724552,-1330.000000,1428.000000,-25250.000000,1399.000000,7.973000
10.382489,1571796052.292545,-4.577632,-1837.000000,1428.000000,-25250.000000,1399.000000,8.806000
10.396524,1571796052.306451,-3.440422,-2213.000000,1427.000000,-28500.000000,1386.000000,7.973000
10.408744,1571796052.318676,-4.438931,-2560.000000,1433.000000,-32000.000000,1372.000000,11.900000
10.418778,1571796052.328676,-2.508367,-2990.000000,1433.000000,-32000.000000,1372.000000,7.854000
10.427670,1571796052.337563,-2.274801,-3297.000000,1433.000000,-33250.000000,1367.000000,7.854000
10.436555,1571796052.346445,-2.799559,-3572.000000,1433.000000,-33250.000000,1367.000000,10.472000
10.449592,1571796052.359509,-2.453014,-3845.000000,1427.000000,-32000.000000,1372.000000,9.877000
10.460064,1571796052.370001,-2.271110,-4203.000000,1427.000000,-32000.000000,1372.000000,9.996000
10.470328,1571796052.380236,-2.122598,-4390.000000,1433.000000,-32250.000000,1371.000000,9.758000
10.481303,1571796052.391216,-1.158818,-4707.000000,1433.000000,-32250.000000,1371.000000,5.712000
10.502807,1571796052.412707,-1.155396,-5016.000000,1433.000000,-34000.000000,1364.000000,6.069000
10.530909,1571796052.440858,-1.515155,-5400.000000,1427.000000,-33000.000000,1368.000000,8.568000
10.546620,1571796052.456560,-1.600805,-5537.000000,1433.000000,-36000.000000,1356.000000,9.282000
10.560901,1571796052.470937,-1.217101,-5602.000000,1433.000000,-36000.000000,1356.000000,7.140000
10.573533,1571796052.483438,-1.219609,-5870.000000,1433.000000,-35000.000000,1360.000000,7.497000
10.585106,1571796052.495031,-0.522101,-5926.000000,1427.000000,-35750.000000,1357.000000,3.240000
10.594839,1571796052.504750,-1.873131,-6006.000000,1427.000000,-35750.000000,1357.000000,11.781000
10.604287,1571796052.514187,-2.231689,-6059.000000,1433.000000,-37750.000000,1349.000000,14.160000
10.617495,1571796052.527407,-2.273478,-6098.000000,1433.000000,-37750.000000,1349.000000,14.518000
10.632869,1571796052.542794,-1.844928,-6221.000000,1433.000000,-39500.000000,1342.000000,12.019000
10.666791,1571796052.576720,-1.732048,-6364.000000,1428.000000,-39000.000000,1344.000000,11.543000
10.684820,1571796052.594729,-1.024207,-6768.000000,1433.000000,-40000.000000,1340.000000,7.259000
10.701895,1571796052.611922,-1.918974,-6810.000000,1434.000000,-42750.000000,1329.000000,13.685000
10.727521,1571796052.637429,-1.527032,-7144.000000,1427.000000,-41750.000000,1333.000000,11.424000
10.742217,1571796052.652114,-1.951446,-7279.000000,1426.000000,-42000.000000,1332.000000,14.875000
10.758856,1571796052.668763,-1.135906,-7403.000000,1432.000000,-44000.000000,1324.000000,8.806000
10.777198,1571796052.687101,-2.136003,-7491.000000,1432.000000,-42250.000000,1331.000000,16.756000
10.788598,1571796052.698529,-0.723988,-7691.000000,1426.000000,-42250.000000,1331.000000,5.831000
10.799693,1571796052.709608,-1.313292,-7701.000000,1426.000000,-42250.000000,1331.000000,10.591000
10.820686,1571796052.730607,-2.226679,-7692.000000,1432.000000,-41500.000000,1334.000000,17.936000
10.836593,1571796052.746497,-1.166175,-7730.000000,1432.000000,-42750.000000,1329.000000,9.440000
10.846641,1571796052.756541,-1.515351,-7724.000000,1432.000000,-42750.000000,1329.000000,12.257000
10.860497,1571796052.770406,-1.202194,-7751.000000,1427.000000,-41000.000000,1336.000000,9.758000
10.873288,1571796052.783235,-0.967245,-7754.000000,1429.000000,-41250.000000,1335.000000,7.854000
10.883825,1571796052.793877,-1.545776,-7719.000000,1429.000000,-41250.000000,1335.000000,12.495000
10.900676,1571796052.810573,-1.033597,-7696.000000,1434.000000,-42500.000000,1330.000000,8.330000
10.916833,1571796052.826742,-0.852201,-7734.000000,1434.000000,-41000.000000,1336.000000,6.902000
10.937846,1571796052.847751,-1.156272,-7764.000000,1430.000000,-41000.000000,1336.000000,9.401000
10.949368,1571796052.859296,-0.735132,-7729.000000,1437.000000,-42000.000000,1332.000000,5.950000
10.959752,1571796052.869693,-0.837616,-7733.000000,1437.000000,-42000.000000,1332.000000,6.783000
10.981080,1571796052.890983,-1.012386,-7745.000000,1440.000000,-40000.000000,1340.000000,8.211000
10.995026,1571796052.904991,-0.625816,-7808.000000,1449.000000,-40250.000000,1339.000000,5.117000
11.013914,1571796052.923839,-1.067491,-7771.000000,1472.000000,-41000.000000,1336.000000,8.687000
11.025596,1571796052.935513,-0.451484,-7737.000000,1472.000000,-41000.000000,1336.000000,3.658000
11.038475,1571796052.948546,-0.659400,-7755.000000,1487.000000,-42750.000000,1329.000000,5.355000
11.055386,1571796052.965313,-0.595336,-7826.000000,1503.000000,-41500.000000,1334.000000,4.879000
11.066632,1571796052.976548,-0.231351,-7859.000000,1503.000000,-41500.000000,1334.000000,1.904000
11.076178,1571796052.986079,-0.838647,-7859.000000,1523.000000,-41500.000000,1334.000000,6.902000
11.093732,1571796053.003629,-0.752273,-7855.000000,1550.000000,-41500.000000,1334.000000,6.188000
11.103690,1571796053.013603,-0.461820,-7874.000000,1550.000000,-41500.000000,1334.000000,3.808000
11.122889,1571796053.032856,-0.808596,-7870.000000,1570.000000,-43000.000000,1328.000000,6.664000
11.148221,1571796053.058145,-0.717494,-7919.000000,1591.000000,-43500.000000,1326.000000,5.950000
11.168159,1571796053.078071,-1.156207,-7961.000000,1619.000000,-46250.000000,1315.000000,9.639000
11.188983,1571796053.098897,-1.631548,-8149.000000,1643.000000,-49250.000000,1303.000000,13.923000
11.207163,1571796053.117072,-1.272971,-8302.000000,1650.000000,-48000.000000,1308.000000,11.067000
11.215260,1571796053.125165,-1.980478,-8492.000000,1650.000000,-48000.000000,1308.000000,17.612000
11.231267,1571796053.141221,-1.075803,-8556.000000,1688.000000,-47750.000000,1309.000000,9.639000
11.243701,1571796053.153656,-1.278742,-8620.000000,1688.000000,-47750.000000,1309.000000,11.543000
11.259256,1571796053.169164,-1.100597,-8673.000000,1696.000000,-49250.000000,1303.000000,9.996000
11.275238,1571796053.185249,-0.817716,-8755.000000,1711.000000,-47750.000000,1309.000000,7.497000
11.293653,1571796053.203577,-0.949002,-8861.000000,1728.000000,-47750.000000,1309.000000,8.806000
11.308560,1571796053.218459,-0.869897,-8883.000000,1728.000000,-47750.000000,1309.000000,8.092000
11.321174,1571796053.231087,-0.842036,-8907.000000,1747.000000,-48750.000000,1305.000000,7.854000
11.331959,1571796053.241899,-1.222584,-8923.000000,1747.000000,-46750.000000,1313.000000,11.424000
