Rel_time,Abs_time,tau,rpm,steering PWM,DutyCycle,Radio_Throttle_PWM,P_motor,
0.076455,1571795839.269206,0.000000,0.000000,1500.000000,0.000000,1500.000000,0.000000
0.087545,1571795839.279241,15.587325,226.000000,1500.000000,0.000000,1500.000000,3.689000
0.095605,1571795839.287290,-1.295532,614.000000,1500.000000,0.000000,1500.000000,-0.833000
0.112732,1571795839.304912,-0.140292,810.000000,1500.000000,0.000000,1500.000000,-0.119000
0.127275,1571795839.318968,0.000000,675.000000,1500.000000,0.000000,1500.000000,0.000000
0.137130,1571795839.328823,0.000000,459.000000,1500.000000,0.000000,1500.000000,0.000000
0.148407,1571795839.340152,0.000000,393.000000,1500.000000,0.000000,1500.000000,0.000000
0.166605,1571795839.358328,0.000000,339.000000,1500.000000,0.000000,1500.000000,0.000000
0.196923,1571795839.388614,0.000000,256.000000,1500.000000,0.000000,1500.000000,0.000000
0.207699,1571795839.399418,0.000000,159.000000,1500.000000,0.000000,1500.000000,0.000000
0.221198,1571795839.413148,0.000000,135.000000,1500.000000,0.000000,1500.000000,0.000000
0.247601,1571795839.439304,0.000000,22.000000,1500.000000,0.000000,1500.000000,0.000000
0.268607,1571795839.460436,0.000000,15.000000,1500.000000,0.000000,1500.000000,0.000000
0.286722,1571795839.478415,0.000000,11.000000,1500.000000,0.000000,1500.000000,0.000000
0.298971,1571795839.490685,0.000000,9.000000,1500.000000,0.000000,1500.000000,0.000000
0.309574,1571795839.501268,0.000000,8.000000,1500.000000,0.000000,1500.000000,0.000000
0.326519,1571795839.518292,0.000000,6.000000,1500.000000,0.000000,1500.000000,0.000000
0.345671,1571795839.537390,0.000000,5.000000,1500.000000,0.000000,1500.000000,0.000000
0.371214,1571795839.562927,0.000000,3.000000,1500.000000,0.000000,1500.000000,0.000000
0.396197,1571795839.587884,0.000000,2.000000,1500.000000,0.000000,1500.000000,0.000000
0.406085,1571795839.597774,0.000000,1.000000,1500.000000,0.000000,1500.000000,0.000000
0.415079,1571795839.606760,0.000000,1.000000,1500.000000,0.000000,1500.000000,0.000000
0.422085,1571795839.613777,0.000000,1.000000,1500.000000,0.000000,1500.000000,0.000000
0.435542,1571795839.627238,0.000000,1.000000,1500.000000,0.000000,1500.000000,0.000000
0.444785,1571795839.636481,0.000000,1.000000,1500.000000,0.000000,1500.000000,0.000000
0.454354,1571795839.646045,0.000000,0.000000,1500.000000,0.000000,1500.000000,0.000000
0.463694,1571795839.655376,0.000000,0.000000,1500.000000,0.000000,1500.000000,0.000000
0.473398,1571795839.665088,0.000000,0.000000,1500.000000,0.000000,1500.000000,0.000000
0.482804,1571795839.674517,0.000000,0.000000,1500.000000,0.000000,1500.000000,0.000000
0.492351,1571795839.684037,0.000000,0.000000,1500.000000,0.000000,1500.000000,0.000000
0.501299,1571795839.692982,0.000000,0.000000,1500.000000,0.000000,1500.000000,0.000000
0.510414,1571795839.702107,0.000000,0.000000,1500.000000,0.000000,1500.000000,0.000000
0.520312,1571795839.712001,0.000000,0.000000,1500.000000,0.000000,1500.000000,0.000000
0.529898,1571795839.721610,0.000000,0.000000,1500.000000,0.000000,1500.000000,0.000000
0.539012,1571795839.730698,0.000000,0.000000,1500.000000,0.000000,1500.000000,0.000000
0.548774,1571795839.740464,0.000000,0.000000,1500.000000,0.000000,1500.000000,0.000000
0.557542,1571795839.749224,0.000000,0.000000,1500.000000,0.000000,1500.000000,0.000000
0.566311,1571795839.757989,0.000000,0.000000,1500.000000,0.000000,1500.000000,0.000000
0.575536,1571795839.767260,0.000000,0.000000,1500.000000,0.000000,1500.000000,0.000000
0.586100,1571795839.777795,0.000000,0.000000,1500.000000,0.000000,1500.000000,0.000000
0.602337,1571795839.794051,0.000000,0.000000,1500.000000,0.000000,1500.000000,0.000000
0.631852,1571795839.823545,0.000000,0.000000,1500.000000,0.000000,1500.000000,0.000000
0.648616,1571795839.841911,0.000000,0.000000,1500.000000,0.000000,1500.000000,0.000000
0.675125,1571795839.866831,0.000000,0.000000,1500.000000,0.000000,1500.000000,0.000000
0.701918,1571795839.893627,0.000000,0.000000,1500.000000,0.000000,1500.000000,0.000000
0.713968,1571795839.905673,0.000000,0.000000,1500.000000,0.000000,1500.000000,0.000000
0.726627,1571795839.918344,0.000000,0.000000,1500.000000,0.000000,1500.000000,0.000000
0.740710,1571795839.932416,0.000000,0.000000,1500.000000,0.000000,1500.000000,0.000000
0.750605,1571795839.942347,0.000000,0.000000,1500.000000,0.000000,1500.000000,0.000000
0.766366,1571795839.958068,0.000000,0.000000,1500.000000,0.000000,1500.000000,0.000000
0.792096,1571795839.983784,0.000000,0.000000,1500.000000,0.000000,1500.000000,0.000000
0.804277,1571795839.995970,0.000000,0.000000,1500.000000,0.000000,1500.000000,0.000000
0.814270,1571795840.005996,0.000000,0.000000,1500.000000,0.000000,1500.000000,0.000000
0.824963,1571795840.016704,0.000000,0.000000,1500.000000,0.000000,1500.000000,0.000000
0.834872,1571795840.026558,0.000000,0.000000,1500.000000,0.000000,1500.000000,0.000000
0.844437,1571795840.036129,0.000000,0.000000,1500.000000,0.000000,1500.000000,0.000000
0.876242,1571795840.067991,0.000000,0.000000,1500.000000,0.000000,1500.000000,0.000000
0.890140,1571795840.081844,0.000000,0.000000,1500.000000,0.000000,1500.000000,0.000000
0.922477,1571795840.114183,0.000000,0.000000,1500.000000,0.000000,1500.000000,0.000000
0.930163,1571795840.121860,0.000000,0.000000,1500.000000,0.000000,1500.000000,0.000000
0.975342,1571795840.167050,0.000000,0.000000,1500.000000,0.000000,1500.000000,0.000000
1.017081,1571795840.208805,0.000000,0.000000,1500.000000,0.000000,1500.000000,0.000000
1.028895,1571795840.220597,0.000000,0.000000,1500.000000,0.000000,1500.000000,0.000000
1.051481,1571795840.243186,0.000000,0.000000,1500.000000,0.000000,1500.000000,0.000000
1.079454,1571795840.271168,0.000000,0.000000,1500.000000,0.000000,1500.000000,0.000000
1.091722,1571795840.283433,0.000000,0.000000,1500.000000,0.000000,1500.000000,0.000000
1.102628,1571795840.294314,0.000000,0.000000,1500.000000,0.000000,1500.000000,0.000000
1.111498,1571795840.303180,0.000000,0.000000,1500.000000,0.000000,1500.000000,0.000000
1.122199,1571795840.313908,0.000000,0.000000,1500.000000,0.000000,1500.000000,0.000000
1.136153,1571795840.327841,0.000000,0.000000,1500.000000,0.000000,1500.000000,0.000000
1.149475,1571795840.341166,0.000000,0.000000,1500.000000,0.000000,1500.000000,0.000000
1.158931,1571795840.350617,0.000000,0.000000,1500.000000,0.000000,1500.000000,0.000000
1.168654,1571795840.360360,0.000000,0.000000,1500.000000,0.000000,1500.000000,0.000000
1.179766,1571795840.371473,0.000000,0.000000,1500.000000,0.000000,1500.000000,0.000000
1.194493,1571795840.386211,0.000000,0.000000,1500.000000,0.000000,1500.000000,0.000000
1.203911,1571795840.395613,0.000000,0.000000,1500.000000,0.000000,1500.000000,0.000000
1.216804,1571795840.408502,0.000000,0.000000,1500.000000,0.000000,1500.000000,0.000000
1.228250,1571795840.419968,0.000000,0.000000,1500.000000,0.000000,1500.000000,0.000000
1.246000,1571795840.437723,0.000000,0.000000,1500.000000,0.000000,1500.000000,0.000000
1.268309,1571795840.460003,0.000000,0.000000,1500.000000,0.000000,1500.000000,0.000000
1.281000,1571795840.472694,0.000000,0.000000,1500.000000,0.000000,1500.000000,0.000000
1.291763,1571795840.483458,0.000000,0.000000,1500.000000,0.000000,1500.000000,0.000000
1.304255,1571795840.495955,0.000000,0.000000,1500.000000,0.000000,1500.000000,0.000000
1.315279,1571795840.506967,0.000000,0.000000,1500.000000,0.000000,1500.000000,0.000000
1.325594,1571795840.517281,0.000000,0.000000,1500.000000,0.000000,1500.000000,0.000000
1.335049,1571795840.526754,0.000000,0.000000,1500.000000,0.000000,1500.000000,0.000000
1.346045,1571795840.537735,0.000000,0.000000,1500.000000,0.000000,1500.000000,0.000000
1.354831,1571795840.546519,0.000000,0.000000,1500.000000,0.000000,1500.000000,0.000000
1.366265,1571795840.558037,0.000000,0.000000,1500.000000,0.000000,1500.000000,0.000000
1.374903,1571795840.566618,0.000000,0.000000,1500.000000,0.000000,1500.000000,0.000000
1.389977,1571795840.581688,0.000000,0.000000,1500.000000,0.000000,1500.000000,0.000000
1.399211,1571795840.590899,0.000000,0.000000,1500.000000,0.000000,1500.000000,0.000000
1.408981,1571795840.600680,0.000000,0.000000,1500.000000,0.000000,1500.000000,0.000000
1.425197,1571795840.617113,0.000000,0.000000,1500.000000,0.000000,1500.000000,0.000000
1.435929,1571795840.627645,0.000000,0.000000,1500.000000,0.000000,1500.000000,0.000000
1.447490,1571795840.639193,0.000000,0.000000,1500.000000,0.000000,1500.000000,0.000000
1.463642,1571795840.655350,0.000000,0.000000,1500.000000,0.000000,1500.000000,0.000000
1.477681,1571795840.669491,0.000000,0.000000,1500.000000,0.000000,1500.000000,0.000000
1.487328,1571795840.679055,0.000000,0.000000,1500.000000,0.000000,1500.000000,0.000000
1.495025,1571795840.686722,0.000000,0.000000,1500.000000,0.000000,1500.000000,0.000000
1.513552,1571795840.705245,0.000000,0.000000,1500.000000,0.000000,1500.000000,0.000000
1.527100,1571795840.718800,0.000000,0.000000,1500.000000,0.000000,1500.000000,0.000000
1.537911,1571795840.729608,0.000000,0.000000,1500.000000,0.000000,1500.000000,0.000000
1.549993,1571795840.741683,0.000000,0.000000,1500.000000,0.000000,1500.000000,0.000000
1.564046,1571795840.755757,0.000000,0.000000,1500.000000,0.000000,1500.000000,0.000000
1.570286,1571795840.761982,0.000000,0.000000,1500.000000,0.000000,1500.000000,0.000000
1.586824,1571795840.778534,0.000000,0.000000,1500.000000,0.000000,1500.000000,0.000000
1.598273,1571795840.789982,0.000000,0.000000,1500.000000,0.000000,1500.000000,0.000000
1.612276,1571795840.803990,0.000000,0.000000,1500.000000,0.000000,1500.000000,0.000000
1.628710,1571795840.820411,0.000000,0.000000,1500.000000,0.000000,1500.000000,0.000000
1.642624,1571795840.834437,0.000000,0.000000,1500.000000,0.000000,1500.000000,0.000000
1.654528,1571795840.846223,0.000000,0.000000,1500.000000,0.000000,1500.000000,0.000000
1.663663,1571795840.855349,0.000000,0.000000,1500.000000,0.000000,1500.000000,0.000000
1.676224,1571795840.867921,0.000000,0.000000,1500.000000,0.000000,1500.000000,0.000000
1.688114,1571795840.879811,0.000000,0.000000,1500.000000,0.000000,1500.000000,0.000000
1.703486,1571795840.895201,0.000000,0.000000,1500.000000,0.000000,1500.000000,0.000000
1.714529,1571795840.906279,0.000000,0.000000,1500.000000,0.000000,1500.000000,0.000000
1.732239,1571795840.923933,0.000000,0.000000,1500.000000,0.000000,1500.000000,0.000000
1.742195,1571795840.933881,0.000000,0.000000,1500.000000,0.000000,1500.000000,0.000000
1.751134,1571795840.942813,0.000000,0.000000,1500.000000,0.000000,1500.000000,0.000000
1.760440,1571795840.952146,0.000000,0.000000,1500.000000,0.000000,1500.000000,0.000000
1.772727,1571795840.964423,0.000000,0.000000,1500.000000,0.000000,1500.000000,0.000000
1.787326,1571795840.979040,0.000000,0.000000,1500.000000,0.000000,1500.000000,0.000000
1.797935,1571795840.989643,0.000000,0.000000,1500.000000,0.000000,1500.000000,0.000000
1.808409,1571795841.000124,0.000000,0.000000,1500.000000,0.000000,1500.000000,0.000000
1.822620,1571795841.014319,0.000000,0.000000,1500.000000,0.000000,1500.000000,0.000000
1.844818,1571795841.036528,0.000000,0.000000,1500.000000,0.000000,1500.000000,0.000000
1.855647,1571795841.047392,0.000000,0.000000,1500.000000,0.000000,1500.000000,0.000000
1.870639,1571795841.062331,0.000000,0.000000,1500.000000,0.000000,1500.000000,0.000000
1.889324,1571795841.081037,0.000000,0.000000,1500.000000,0.000000,1500.000000,0.000000
1.930478,1571795841.122181,0.000000,0.000000,1500.000000,0.000000,1500.000000,0.000000
1.955318,1571795841.147072,0.000000,0.000000,1500.000000,0.000000,1500.000000,0.000000
1.982981,1571795841.174690,0.000000,0.000000,1500.000000,0.000000,1500.000000,0.000000
1.993153,1571795841.184940,0.000000,0.000000,1500.000000,0.000000,1500.000000,0.000000
2.014343,1571795841.206039,0.000000,0.000000,1500.000000,0.000000,1500.000000,0.000000
2.024236,1571795841.215945,0.000000,0.000000,1500.000000,0.000000,1500.000000,0.000000
2.035277,1571795841.226986,0.000000,0.000000,1500.000000,0.000000,1500.000000,0.000000
2.046498,1571795841.238208,0.000000,0.000000,1500.000000,0.000000,1500.000000,0.000000
2.057538,1571795841.249232,0.000000,0.000000,1500.000000,0.000000,1500.000000,0.000000
2.066933,1571795841.258635,0.000000,0.000000,1500.000000,0.000000,1500.000000,0.000000
2.078164,1571795841.269866,0.000000,0.000000,1500.000000,0.000000,1500.000000,0.000000
2.094753,1571795841.286449,0.000000,0.000000,1500.000000,0.000000,1500.000000,0.000000
2.107562,1571795841.299294,0.000000,0.000000,1500.000000,0.000000,1500.000000,0.000000
2.120803,1571795841.312512,0.000000,0.000000,1500.000000,0.000000,1500.000000,0.000000
2.129886,1571795841.321570,0.000000,0.000000,1500.000000,0.000000,1500.000000,0.000000
2.138777,1571795841.330466,0.000000,0.000000,1500.000000,0.000000,1500.000000,0.000000
2.148797,1571795841.340498,0.000000,0.000000,1500.000000,0.000000,1500.000000,0.000000
2.166002,1571795841.357699,0.000000,0.000000,1500.000000,0.000000,1500.000000,0.000000
2.180900,1571795841.372603,0.000000,0.000000,1500.000000,0.000000,1500.000000,0.000000
2.204989,1571795841.396714,0.000000,0.000000,1500.000000,0.000000,1500.000000,0.000000
2.216534,1571795841.408259,0.000000,0.000000,1500.000000,0.000000,1500.000000,0.000000
2.230429,1571795841.422126,0.000000,0.000000,1500.000000,0.000000,1500.000000,0.000000
2.253603,1571795841.445468,0.000000,0.000000,1500.000000,0.000000,1500.000000,0.000000
2.282721,1571795841.474433,0.000000,0.000000,1500.000000,0.000000,1500.000000,0.000000
2.296969,1571795841.488673,0.000000,0.000000,1500.000000,0.000000,1500.000000,0.000000
2.307075,1571795841.498777,0.000000,0.000000,1500.000000,0.000000,1500.000000,0.000000
2.317823,1571795841.509539,0.000000,0.000000,1500.000000,0.000000,1500.000000,0.000000
2.334654,1571795841.526346,0.000000,0.000000,1500.000000,0.000000,1500.000000,0.000000
2.348697,1571795841.540389,0.000000,0.000000,1500.000000,0.000000,1500.000000,0.000000
2.357698,1571795841.549405,0.000000,0.000000,1500.000000,0.000000,1500.000000,0.000000
2.366826,1571795841.558524,0.000000,0.000000,1500.000000,0.000000,1500.000000,0.000000
2.383370,1571795841.575073,0.000000,0.000000,1500.000000,0.000000,1500.000000,0.000000
2.394399,1571795841.586102,0.000000,0.000000,1500.000000,0.000000,1500.000000,0.000000
2.420402,1571795841.612122,0.000000,0.000000,1500.000000,0.000000,1500.000000,0.000000
2.440101,1571795841.631830,0.000000,0.000000,1500.000000,0.000000,1500.000000,0.000000
2.455886,1571795841.647581,0.000000,0.000000,1500.000000,0.000000,1500.000000,0.000000
2.464550,1571795841.656328,0.000000,0.000000,1500.000000,0.000000,1500.000000,0.000000
2.479119,1571795841.670805,0.000000,0.000000,1500.000000,0.000000,1500.000000,0.000000
2.492034,1571795841.683719,0.000000,0.000000,1500.000000,0.000000,1500.000000,0.000000
2.500689,1571795841.692374,0.000000,0.000000,1500.000000,0.000000,1500.000000,0.000000
2.515044,1571795841.706745,0.000000,0.000000,1500.000000,0.000000,1500.000000,0.000000
2.529929,1571795841.721753,0.000000,0.000000,1500.000000,0.000000,1500.000000,0.000000
2.540431,1571795841.732127,0.000000,0.000000,1500.000000,0.000000,1500.000000,0.000000
2.557720,1571795841.749436,0.000000,0.000000,1500.000000,0.000000,1500.000000,0.000000
2.571559,1571795841.763255,0.000000,0.000000,1500.000000,0.000000,1500.000000,0.000000
2.580461,1571795841.772166,0.000000,0.000000,1500.000000,0.000000,1500.000000,0.000000
2.595205,1571795841.786936,0.000000,0.000000,1500.000000,0.000000,1500.000000,0.000000
2.620390,1571795841.812095,0.000000,0.000000,1500.000000,0.000000,1500.000000,0.000000
2.634367,1571795841.826063,0.000000,0.000000,1500.000000,0.000000,1500.000000,0.000000
2.649669,1571795841.841363,0.000000,0.000000,1500.000000,0.000000,1500.000000,0.000000
2.659227,1571795841.850918,0.000000,0.000000,1500.000000,0.000000,1500.000000,0.000000
2.667942,1571795841.859633,0.000000,0.000000,1500.000000,0.000000,1500.000000,0.000000
2.684793,1571795841.876502,0.000000,0.000000,1500.000000,0.000000,1500.000000,0.000000
2.697902,1571795841.889604,0.000000,0.000000,1500.000000,0.000000,1500.000000,0.000000
2.710544,1571795841.902246,0.000000,0.000000,1500.000000,0.000000,1500.000000,0.000000
2.734977,1571795841.926681,0.000000,0.000000,1500.000000,0.000000,1500.000000,0.000000
2.758203,1571795841.949906,0.000000,0.000000,1500.000000,0.000000,1500.000000,0.000000
2.776976,1571795841.968697,0.000000,0.000000,1500.000000,0.000000,1500.000000,0.000000
2.789879,1571795841.981604,0.000000,0.000000,1500.000000,0.000000,1500.000000,0.000000
2.803871,1571795841.995597,0.000000,0.000000,1500.000000,0.000000,1500.000000,0.000000
2.820502,1571795842.012234,0.000000,0.000000,1500.000000,0.000000,1500.000000,0.000000
2.832417,1571795842.024171,0.000000,0.000000,1500.000000,0.000000,1500.000000,0.000000
2.842455,1571795842.034159,0.000000,0.000000,1500.000000,0.000000,1500.000000,0.000000
2.852765,1571795842.044469,0.000000,0.000000,1500.000000,0.000000,1500.000000,0.000000
2.867097,1571795842.058805,0.000000,0.000000,1500.000000,0.000000,1500.000000,0.000000
2.880825,1571795842.072533,0.000000,0.000000,1500.000000,0.000000,1500.000000,0.000000
2.890841,1571795842.082534,0.000000,0.000000,1500.000000,0.000000,1500.000000,0.000000
2.897737,1571795842.089472,0.000000,0.000000,1500.000000,0.000000,1500.000000,0.000000
2.930205,1571795842.122092,0.000000,0.000000,1500.000000,0.000000,1500.000000,0.000000
2.954016,1571795842.145709,0.000000,0.000000,1500.000000,0.000000,1500.000000,0.000000
2.964383,1571795842.156133,0.000000,0.000000,1500.000000,0.000000,1500.000000,0.000000
2.975605,1571795842.167339,0.000000,0.000000,1500.000000,0.000000,1500.000000,0.000000
2.988534,1571795842.180295,0.000000,0.000000,1500.000000,0.000000,1500.000000,0.000000
3.002896,1571795842.194613,0.000000,0.000000,1500.000000,0.000000,1500.000000,0.000000
3.015287,1571795842.206983,0.000000,0.000000,1500.000000,0.000000,1500.000000,0.000000
3.027236,1571795842.218922,0.000000,0.000000,1500.000000,0.000000,1500.000000,0.000000
3.036572,1571795842.228287,0.000000,0.000000,1500.000000,0.000000,1500.000000,0.000000
3.047016,1571795842.238779,0.000000,0.000000,1500.000000,0.000000,1500.000000,0.000000
3.066246,1571795842.257944,0.000000,0.000000,1500.000000,0.000000,1500.000000,0.000000
3.076073,1571795842.267759,0.000000,0.000000,1500.000000,0.000000,1500.000000,0.000000
3.087457,1571795842.279151,0.000000,0.000000,1500.000000,0.000000,1500.000000,0.000000
3.102276,1571795842.293988,0.000000,0.000000,1500.000000,0.000000,1500.000000,0.000000
3.117743,1571795842.309460,0.000000,0.000000,1500.000000,0.000000,1500.000000,0.000000
3.128388,1571795842.320096,0.000000,0.000000,1500.000000,0.000000,1500.000000,0.000000
3.138665,1571795842.330397,0.000000,0.000000,1500.000000,0.000000,1500.000000,0.000000
3.156972,1571795842.348694,0.000000,0.000000,1500.000000,0.000000,1500.000000,0.000000
3.181606,1571795842.373315,0.000000,0.000000,1500.000000,0.000000,1500.000000,0.000000
3.200382,1571795842.392107,0.000000,0.000000,1500.000000,0.000000,1500.000000,0.000000
3.215662,1571795842.407366,0.000000,0.000000,1500.000000,0.000000,1500.000000,0.000000
3.225755,1571795842.417464,0.000000,0.000000,1500.000000,0.000000,1500.000000,0.000000
3.234811,1571795842.426523,0.000000,0.000000,1500.000000,0.000000,1500.000000,0.000000
3.244818,1571795842.436558,0.000000,0.000000,1500.000000,0.000000,1500.000000,0.000000
3.257059,1571795842.448773,0.000000,0.000000,1500.000000,0.000000,1500.000000,0.000000
3.272556,1571795842.464265,0.000000,0.000000,1500.000000,0.000000,1500.000000,0.000000
3.281824,1571795842.473514,0.000000,0.000000,1500.000000,0.000000,1500.000000,0.000000
3.292588,1571795842.484300,0.000000,0.000000,1500.000000,0.000000,1500.000000,0.000000
3.308386,1571795842.500080,0.000000,0.000000,1500.000000,0.000000,1500.000000,0.000000
3.325889,1571795842.517580,0.000000,0.000000,1500.000000,0.000000,1500.000000,0.000000
3.335696,1571795842.527411,0.000000,0.000000,1500.000000,0.000000,1500.000000,0.000000
3.345702,1571795842.537426,0.000000,0.000000,1500.000000,0.000000,1500.000000,0.000000
3.379857,1571795842.571566,0.000000,0.000000,1500.000000,0.000000,1500.000000,0.000000
3.401670,1571795842.593361,0.000000,0.000000,1500.000000,0.000000,1500.000000,0.000000
3.412941,1571795842.604628,0.000000,0.000000,1500.000000,0.000000,1500.000000,0.000000
3.424134,1571795842.615839,0.000000,0.000000,1500.000000,0.000000,1500.000000,0.000000
3.433501,1571795842.625232,0.000000,0.000000,1500.000000,0.000000,1500.000000,0.000000
3.452281,1571795842.643978,0.000000,0.000000,1500.000000,0.000000,1500.000000,0.000000
3.467842,1571795842.659529,0.000000,0.000000,1500.000000,0.000000,1500.000000,0.000000
3.477267,1571795842.668955,0.000000,0.000000,1500.000000,0.000000,1500.000000,0.000000
3.486254,1571795842.677938,0.000000,0.000000,1500.000000,0.000000,1500.000000,0.000000
3.495679,1571795842.687372,0.000000,0.000000,1500.000000,0.000000,1500.000000,0.000000
3.507318,1571795842.699008,0.000000,0.000000,1500.000000,0.000000,1500.000000,0.000000
3.517142,1571795842.708896,0.000000,0.000000,1500.000000,0.000000,1500.000000,0.000000
3.526685,1571795842.718382,0.000000,0.000000,1500.000000,0.000000,1500.000000,0.000000
3.535863,1571795842.727549,0.000000,0.000000,1500.000000,0.000000,1500.000000,0.000000
3.546599,1571795842.738291,0.000000,0.000000,1500.000000,0.000000,1500.000000,0.000000
3.562198,1571795842.753916,0.000000,0.000000,1500.000000,0.000000,1500.000000,0.000000
3.571654,1571795842.763339,0.000000,0.000000,1500.000000,0.000000,1500.000000,0.000000
3.581120,1571795842.772826,0.000000,0.000000,1500.000000,0.000000,1500.000000,0.000000
3.603434,1571795842.795175,0.000000,0.000000,1500.000000,0.000000,1500.000000,0.000000
3.617543,1571795842.809241,0.000000,0.000000,1500.000000,0.000000,1500.000000,0.000000
3.628818,1571795842.820514,0.000000,0.000000,1500.000000,0.000000,1500.000000,0.000000
3.638165,1571795842.829848,0.000000,0.000000,1500.000000,0.000000,1500.000000,0.000000
3.646890,1571795842.838569,0.000000,0.000000,1500.000000,0.000000,1500.000000,0.000000
3.656996,1571795842.848709,0.000000,0.000000,1500.000000,0.000000,1500.000000,0.000000
3.668471,1571795842.860171,0.000000,0.000000,1500.000000,0.000000,1500.000000,0.000000
3.680853,1571795842.872561,0.000000,0.000000,1500.000000,0.000000,1500.000000,0.000000
3.692051,1571795842.883762,0.000000,0.000000,1500.000000,0.000000,1500.000000,0.000000
3.702067,1571795842.893770,0.000000,0.000000,1500.000000,0.000000,1500.000000,0.000000
3.718143,1571795842.909853,0.000000,0.000000,1500.000000,0.000000,1500.000000,0.000000
3.740978,1571795842.932677,0.000000,0.000000,1500.000000,0.000000,1500.000000,0.000000
3.759545,1571795842.951256,0.000000,0.000000,1500.000000,0.000000,1500.000000,0.000000
3.769811,1571795842.961534,0.000000,0.000000,1500.000000,0.000000,1500.000000,0.000000
3.784911,1571795842.976610,0.000000,0.000000,1500.000000,0.000000,1500.000000,0.000000
3.794571,1571795842.986274,0.000000,0.000000,1500.000000,0.000000,1500.000000,0.000000
3.809029,1571795843.000729,0.000000,0.000000,1500.000000,0.000000,1500.000000,0.000000
3.831741,1571795843.023459,0.000000,0.000000,1500.000000,0.000000,1500.000000,0.000000
3.841748,1571795843.033467,0.000000,0.000000,1500.000000,0.000000,1500.000000,0.000000
3.859222,1571795843.050935,0.000000,0.000000,1500.000000,0.000000,1500.000000,0.000000
3.888843,1571795843.080550,0.000000,0.000000,1500.000000,0.000000,1500.000000,0.000000
3.900686,1571795843.092382,0.000000,0.000000,1500.000000,0.000000,1500.000000,0.000000
3.910744,1571795843.102442,0.000000,0.000000,1500.000000,0.000000,1500.000000,0.000000
3.922194,1571795843.113890,0.000000,0.000000,1500.000000,0.000000,1500.000000,0.000000
3.933010,1571795843.124722,0.000000,0.000000,1500.000000,0.000000,1500.000000,0.000000
3.945702,1571795843.137417,0.000000,0.000000,1500.000000,0.000000,1500.000000,0.000000
3.958915,1571795843.150616,0.000000,0.000000,1500.000000,0.000000,1500.000000,0.000000
3.977081,1571795843.168771,0.000000,0.000000,1500.000000,0.000000,1500.000000,0.000000
3.986013,1571795843.177696,0.000000,0.000000,1500.000000,0.000000,1500.000000,0.000000
3.996213,1571795843.187901,0.000000,0.000000,1500.000000,0.000000,1500.000000,0.000000
4.006659,1571795843.198782,0.000000,0.000000,1500.000000,0.000000,1500.000000,0.000000
4.019923,1571795843.211640,0.000000,0.000000,1500.000000,0.000000,1500.000000,0.000000
4.034136,1571795843.225841,0.000000,0.000000,1500.000000,0.000000,1500.000000,0.000000
4.044415,1571795843.236125,0.000000,0.000000,1500.000000,0.000000,1500.000000,0.000000
4.060128,1571795843.251823,0.000000,0.000000,1500.000000,0.000000,1500.000000,0.000000
4.081739,1571795843.273467,0.000000,0.000000,1500.000000,0.000000,1500.000000,0.000000
4.098092,1571795843.289805,0.000000,0.000000,1500.000000,0.000000,1500.000000,0.000000
4.107335,1571795843.299016,0.000000,0.000000,1500.000000,0.000000,1500.000000,0.000000
4.117359,1571795843.309067,0.000000,0.000000,1500.000000,0.000000,1500.000000,0.000000
4.127352,1571795843.319040,0.000000,0.000000,1500.000000,0.000000,1500.000000,0.000000
4.138449,1571795843.330146,0.000000,0.000000,1500.000000,0.000000,1500.000000,0.000000
4.153013,1571795843.344733,0.000000,0.000000,1500.000000,0.000000,1500.000000,0.000000
4.163940,1571795843.355642,0.000000,0.000000,1500.000000,0.000000,1500.000000,0.000000
4.174708,1571795843.366438,0.000000,0.000000,1500.000000,0.000000,1500.000000,0.000000
4.194486,1571795843.386206,0.000000,0.000000,1500.000000,0.000000,1500.000000,0.000000
4.203332,1571795843.395037,0.000000,0.000000,1500.000000,0.000000,1500.000000,0.000000
4.225067,1571795843.416758,0.000000,0.000000,1500.000000,0.000000,1500.000000,0.000000
4.234375,1571795843.426061,0.000000,0.000000,1500.000000,0.000000,1500.000000,0.000000
4.243473,1571795843.435158,0.000000,0.000000,1500.000000,0.000000,1500.000000,0.000000
4.253317,1571795843.445020,0.000000,0.000000,1500.000000,0.000000,1500.000000,0.000000
4.267072,1571795843.458777,0.000000,0.000000,1500.000000,0.000000,1500.000000,0.000000
4.279341,1571795843.471036,0.000000,0.000000,1500.000000,0.000000,1500.000000,0.000000
4.288723,1571795843.480418,0.000000,0.000000,1500.000000,0.000000,1500.000000,0.000000
4.297969,1571795843.489660,0.000000,0.000000,1500.000000,0.000000,1500.000000,0.000000
4.307489,1571795843.499184,0.000000,0.000000,1500.000000,0.000000,1500.000000,0.000000
4.334925,1571795843.526634,0.000000,0.000000,1500.000000,0.000000,1500.000000,0.000000
4.348895,1571795843.540624,0.000000,0.000000,1500.000000,0.000000,1500.000000,0.000000
4.371223,1571795843.562913,0.000000,0.000000,1500.000000,0.000000,1500.000000,0.000000
4.381205,1571795843.573037,0.000000,0.000000,1500.000000,0.000000,1500.000000,0.000000
4.394193,1571795843.585890,0.000000,0.000000,1500.000000,0.000000,1500.000000,0.000000
4.405112,1571795843.596902,0.000000,0.000000,1500.000000,0.000000,1500.000000,0.000000
4.419304,1571795843.611000,0.000000,0.000000,1500.000000,0.000000,1500.000000,0.000000
4.431039,1571795843.622730,0.000000,0.000000,1500.000000,0.000000,1500.000000,0.000000
4.451513,1571795843.643200,0.000000,0.000000,1500.000000,0.000000,1500.000000,0.000000
4.460205,1571795843.651885,0.000000,0.000000,1500.000000,0.000000,1500.000000,0.000000
4.469330,1571795843.661021,0.000000,0.000000,1500.000000,0.000000,1500.000000,0.000000
4.483171,1571795843.674881,0.000000,0.000000,1500.000000,0.000000,1500.000000,0.000000
4.492159,1571795843.683844,0.000000,0.000000,1500.000000,0.000000,1500.000000,0.000000
4.501306,1571795843.692999,0.000000,0.000000,1500.000000,0.000000,1500.000000,0.000000
4.511410,1571795843.703111,0.000000,0.000000,1500.000000,0.000000,1500.000000,0.000000
4.521825,1571795843.713523,0.000000,0.000000,1500.000000,0.000000,1500.000000,0.000000
4.539489,1571795843.731312,0.000000,0.000000,1500.000000,0.000000,1500.000000,0.000000
4.549812,1571795843.741533,0.000000,0.000000,1500.000000,0.000000,1500.000000,0.000000
4.566190,1571795843.757897,0.000000,0.000000,1500.000000,0.000000,1500.000000,0.000000
4.581886,1571795843.773599,0.000000,0.000000,1500.000000,0.000000,1500.000000,0.000000
4.594866,1571795843.786570,0.000000,0.000000,1500.000000,0.000000,1500.000000,0.000000
4.612221,1571795843.803931,0.000000,0.000000,1500.000000,0.000000,1500.000000,0.000000
4.621473,1571795843.813162,0.000000,0.000000,1500.000000,0.000000,1500.000000,0.000000
4.631171,1571795843.822870,0.000000,0.000000,1500.000000,0.000000,1500.000000,0.000000
4.643929,1571795843.835639,0.000000,0.000000,1500.000000,0.000000,1500.000000,0.000000
4.654312,1571795843.846028,0.000000,0.000000,1500.000000,0.000000,1500.000000,0.000000
4.665819,1571795843.857518,0.000000,0.000000,1500.000000,0.000000,1500.000000,0.000000
4.679198,1571795843.870885,0.000000,0.000000,1500.000000,0.000000,1500.000000,0.000000
4.688111,1571795843.879804,0.000000,0.000000,1500.000000,0.000000,1500.000000,0.000000
4.698573,1571795843.890270,0.000000,0.000000,1500.000000,0.000000,1500.000000,0.000000
4.713946,1571795843.905645,0.000000,0.000000,1500.000000,0.000000,1500.000000,0.000000
4.729015,1571795843.920947,0.000000,0.000000,1500.000000,0.000000,1500.000000,0.000000
4.737397,1571795843.929100,0.000000,0.000000,1500.000000,0.000000,1500.000000,0.000000
4.754747,1571795843.946445,0.000000,0.000000,1500.000000,0.000000,1500.000000,0.000000
4.764997,1571795843.956769,0.000000,0.000000,1500.000000,0.000000,1500.000000,0.000000
4.778257,1571795843.969977,0.000000,0.000000,1500.000000,0.000000,1500.000000,0.000000
4.787434,1571795843.979132,0.000000,0.000000,1500.000000,0.000000,1500.000000,0.000000
4.801949,1571795843.993626,0.000000,0.000000,1500.000000,0.000000,1500.000000,0.000000
4.815583,1571795844.007276,0.000000,0.000000,1500.000000,0.000000,1500.000000,0.000000
4.833836,1571795844.025544,0.000000,0.000000,1500.000000,0.000000,1500.000000,0.000000
4.851785,1571795844.043492,0.000000,0.000000,1500.000000,0.000000,1500.000000,0.000000
4.862791,1571795844.054500,0.000000,0.000000,1500.000000,0.000000,1500.000000,0.000000
4.873656,1571795844.065349,0.000000,0.000000,1500.000000,0.000000,1500.000000,0.000000
4.883753,1571795844.075448,0.000000,0.000000,1500.000000,0.000000,1500.000000,0.000000
4.894060,1571795844.085766,0.000000,0.000000,1500.000000,0.000000,1500.000000,0.000000
4.908453,1571795844.100162,0.000000,0.000000,1500.000000,0.000000,1500.000000,0.000000
4.924106,1571795844.115820,0.000000,0.000000,1500.000000,0.000000,1500.000000,0.000000
4.934092,1571795844.125795,0.000000,0.000000,1500.000000,0.000000,1500.000000,0.000000
4.945611,1571795844.137352,0.000000,0.000000,1500.000000,0.000000,1500.000000,0.000000
4.959535,1571795844.151371,0.000000,0.000000,1500.000000,0.000000,1500.000000,0.000000
4.976308,1571795844.168013,0.000000,0.000000,1500.000000,0.000000,1500.000000,0.000000
4.988314,1571795844.180025,0.000000,0.000000,1500.000000,0.000000,1500.000000,0.000000
4.998950,1571795844.190637,0.000000,0.000000,1500.000000,0.000000,1500.000000,0.000000
5.011108,1571795844.202800,0.000000,0.000000,1500.000000,0.000000,1500.000000,0.000000
5.030266,1571795844.221956,0.000000,0.000000,1500.000000,0.000000,1500.000000,0.000000
5.041656,1571795844.233378,0.000000,0.000000,1500.000000,0.000000,1500.000000,0.000000
5.053398,1571795844.245125,0.000000,0.000000,1500.000000,0.000000,1500.000000,0.000000
5.063492,1571795844.255182,0.000000,0.000000,1500.000000,0.000000,1500.000000,0.000000
5.073185,1571795844.264963,0.000000,0.000000,1500.000000,0.000000,1500.000000,0.000000
5.083826,1571795844.275518,0.000000,0.000000,1500.000000,0.000000,1500.000000,0.000000
5.100898,1571795844.292608,0.000000,0.000000,1500.000000,0.000000,1500.000000,0.000000
5.123704,1571795844.315397,0.000000,0.000000,1500.000000,0.000000,1500.000000,0.000000
5.133025,1571795844.324708,0.000000,0.000000,1500.000000,0.000000,1500.000000,0.000000
5.142255,1571795844.333949,0.000000,0.000000,1500.000000,0.000000,1500.000000,0.000000
5.153828,1571795844.345520,0.000000,0.000000,1500.000000,0.000000,1500.000000,0.000000
5.162323,1571795844.354070,0.000000,0.000000,1500.000000,0.000000,1500.000000,0.000000
5.179373,1571795844.371074,0.000000,0.000000,1500.000000,0.000000,1500.000000,0.000000
5.194530,1571795844.386404,0.000000,0.000000,1500.000000,0.000000,1500.000000,0.000000
5.214982,1571795844.406684,0.000000,0.000000,1500.000000,0.000000,1500.000000,0.000000
5.229726,1571795844.421420,0.000000,0.000000,1500.000000,0.000000,1500.000000,0.000000
5.241682,1571795844.433377,0.000000,0.000000,1500.000000,0.000000,1500.000000,0.000000
5.253755,1571795844.445791,0.000000,0.000000,1500.000000,0.000000,1500.000000,0.000000
5.275462,1571795844.467159,0.000000,0.000000,1500.000000,0.000000,1500.000000,0.000000
5.288936,1571795844.480657,0.000000,0.000000,1500.000000,0.000000,1500.000000,0.000000
5.302690,1571795844.494378,0.000000,0.000000,1500.000000,0.000000,1500.000000,0.000000
5.313566,1571795844.505283,0.000000,0.000000,1500.000000,0.000000,1500.000000,0.000000
5.326650,1571795844.518371,0.000000,0.000000,1500.000000,0.000000,1500.000000,0.000000
5.336315,1571795844.528002,0.000000,0.000000,1500.000000,0.000000,1500.000000,0.000000
5.345069,1571795844.536748,0.000000,0.000000,1500.000000,0.000000,1500.000000,0.000000
5.355179,1571795844.546922,0.000000,0.000000,1500.000000,0.000000,1500.000000,0.000000
5.367743,1571795844.559438,0.000000,0.000000,1500.000000,0.000000,1500.000000,0.000000
5.377112,1571795844.568973,0.000000,0.000000,1500.000000,0.000000,1500.000000,0.000000
5.386896,1571795844.578616,0.000000,0.000000,1500.000000,0.000000,1500.000000,0.000000
5.396753,1571795844.588468,0.000000,0.000000,1500.000000,0.000000,1500.000000,0.000000
5.409181,1571795844.600926,0.000000,0.000000,1500.000000,0.000000,1500.000000,0.000000
5.418747,1571795844.610443,0.000000,0.000000,1500.000000,0.000000,1500.000000,0.000000
5.428748,1571795844.620434,0.000000,0.000000,1500.000000,0.000000,1500.000000,0.000000
5.438580,1571795844.630298,0.000000,0.000000,1500.000000,0.000000,1500.000000,0.000000
5.453046,1571795844.644765,0.000000,0.000000,1500.000000,0.000000,1500.000000,0.000000
5.464560,1571795844.656249,0.000000,0.000000,1500.000000,0.000000,1500.000000,0.000000
5.474357,1571795844.666071,0.000000,0.000000,1500.000000,0.000000,1500.000000,0.000000
5.488691,1571795844.680411,0.000000,0.000000,1500.000000,0.000000,1500.000000,0.000000
5.502172,1571795844.693870,0.000000,0.000000,1500.000000,0.000000,1500.000000,0.000000
5.514692,1571795844.706382,0.000000,0.000000,1500.000000,0.000000,1500.000000,0.000000
5.530198,1571795844.721885,0.000000,0.000000,1500.000000,0.000000,1500.000000,0.000000
5.539690,1571795844.731382,0.000000,0.000000,1500.000000,0.000000,1500.000000,0.000000
5.551238,1571795844.742946,0.000000,0.000000,1500.000000,0.000000,1500.000000,0.000000
5.567467,1571795844.759188,0.000000,0.000000,1500.000000,0.000000,1500.000000,0.000000
5.579746,1571795844.771511,0.000000,0.000000,1500.000000,0.000000,1500.000000,0.000000
5.594577,1571795844.786292,0.000000,0.000000,1500.000000,0.000000,1500.000000,0.000000
5.606093,1571795844.797819,0.000000,0.000000,1500.000000,0.000000,1500.000000,0.000000
5.624743,1571795844.816451,0.000000,0.000000,1500.000000,0.000000,1500.000000,0.000000
5.641806,1571795844.833535,0.000000,0.000000,1500.000000,0.000000,1500.000000,0.000000
5.660017,1571795844.851747,0.000000,0.000000,1500.000000,0.000000,1500.000000,0.000000
5.680880,1571795844.872598,0.000000,0.000000,1500.000000,0.000000,1500.000000,0.000000
5.695749,1571795844.887461,0.000000,0.000000,1500.000000,0.000000,1500.000000,0.000000
5.723510,1571795844.915304,0.000000,0.000000,1500.000000,0.000000,1500.000000,0.000000
5.734126,1571795844.925833,0.000000,0.000000,1500.000000,0.000000,1500.000000,0.000000
5.748756,1571795844.940455,0.000000,0.000000,1500.000000,0.000000,1500.000000,0.000000
5.763998,1571795844.955692,0.000000,0.000000,1500.000000,0.000000,1500.000000,0.000000
5.773318,1571795844.965005,0.000000,0.000000,1500.000000,0.000000,1500.000000,0.000000
5.783337,1571795844.975038,0.000000,0.000000,1500.000000,0.000000,1500.000000,0.000000
5.794080,1571795844.985781,0.000000,0.000000,1500.000000,0.000000,1500.000000,0.000000
5.805541,1571795844.997259,0.000000,0.000000,1500.000000,0.000000,1500.000000,0.000000
5.817147,1571795845.008892,0.000000,0.000000,1500.000000,0.000000,1500.000000,0.000000
5.829669,1571795845.021369,0.000000,0.000000,1500.000000,0.000000,1500.000000,0.000000
5.842118,1571795845.033806,0.000000,0.000000,1500.000000,0.000000,1500.000000,0.000000
5.851596,1571795845.043322,0.000000,0.000000,1500.000000,0.000000,1500.000000,0.000000
5.863077,1571795845.054801,0.000000,0.000000,1500.000000,0.000000,1500.000000,0.000000
5.873776,1571795845.065473,0.000000,0.000000,1500.000000,0.000000,1500.000000,0.000000
5.885851,1571795845.077570,0.000000,0.000000,1500.000000,0.000000,1500.000000,0.000000
5.898195,1571795845.089923,0.000000,0.000000,1500.000000,0.000000,1500.000000,0.000000
5.913235,1571795845.104945,0.000000,0.000000,1500.000000,0.000000,1500.000000,0.000000
5.926366,1571795845.118060,0.000000,0.000000,1500.000000,0.000000,1500.000000,0.000000
5.939581,1571795845.131299,0.000000,0.000000,1500.000000,0.000000,1500.000000,0.000000
5.950418,1571795845.142122,0.000000,0.000000,1500.000000,0.000000,1500.000000,0.000000
5.964216,1571795845.155916,0.000000,0.000000,1500.000000,0.000000,1500.000000,0.000000
5.973836,1571795845.165524,0.000000,0.000000,1500.000000,0.000000,1500.000000,0.000000
5.984216,1571795845.175904,0.000000,0.000000,1500.000000,0.000000,1500.000000,0.000000
6.000947,1571795845.192642,0.000000,0.000000,1500.000000,0.000000,1500.000000,0.000000
6.011446,1571795845.203143,0.000000,0.000000,1500.000000,0.000000,1500.000000,0.000000
6.040770,1571795845.232454,0.000000,0.000000,1500.000000,0.000000,1500.000000,0.000000
6.051581,1571795845.243261,0.000000,0.000000,1500.000000,0.000000,1500.000000,0.000000
6.065490,1571795845.257215,0.000000,0.000000,1500.000000,0.000000,1500.000000,0.000000
6.089845,1571795845.281556,0.000000,0.000000,1500.000000,0.000000,1500.000000,0.000000
6.109630,1571795845.301330,0.000000,0.000000,1500.000000,0.000000,1500.000000,0.000000
6.120936,1571795845.312707,0.000000,0.000000,1500.000000,0.000000,1500.000000,0.000000
6.141801,1571795845.333498,0.000000,0.000000,1500.000000,0.000000,1500.000000,0.000000
6.153871,1571795845.345601,0.000000,0.000000,1500.000000,0.000000,1500.000000,0.000000
6.162628,1571795845.354331,0.000000,0.000000,1500.000000,0.000000,1500.000000,0.000000
6.181959,1571795845.373670,0.000000,0.000000,1500.000000,0.000000,1500.000000,0.000000
6.199612,1571795845.391332,0.000000,0.000000,1500.000000,0.000000,1500.000000,0.000000
6.216811,1571795845.408525,0.000000,0.000000,1500.000000,0.000000,1500.000000,0.000000
6.232451,1571795845.424147,0.000000,0.000000,1500.000000,0.000000,1500.000000,0.000000
6.248525,1571795845.440236,0.000000,0.000000,1500.000000,0.000000,1500.000000,0.000000
6.257670,1571795845.449366,0.000000,0.000000,1500.000000,0.000000,1500.000000,0.000000
6.266805,1571795845.458491,0.000000,0.000000,1500.000000,0.000000,1500.000000,0.000000
6.272716,1571795845.464486,0.000000,0.000000,1500.000000,0.000000,1500.000000,0.000000
6.290592,1571795845.482306,0.000000,0.000000,1500.000000,0.000000,1500.000000,0.000000
6.301370,1571795845.493145,0.000000,0.000000,1500.000000,0.000000,1500.000000,0.000000
6.311747,1571795845.503485,0.000000,0.000000,1500.000000,0.000000,1500.000000,0.000000
6.323208,1571795845.514902,0.000000,0.000000,1500.000000,0.000000,1500.000000,0.000000
6.339041,1571795845.530743,0.000000,0.000000,1500.000000,0.000000,1500.000000,0.000000
6.353328,1571795845.545034,0.000000,0.000000,1500.000000,0.000000,1500.000000,0.000000
6.370655,1571795845.562368,0.000000,0.000000,1500.000000,0.000000,1500.000000,0.000000
6.414889,1571795845.606601,0.000000,0.000000,1500.000000,0.000000,1500.000000,0.000000
6.425292,1571795845.617010,0.000000,0.000000,1500.000000,0.000000,1500.000000,0.000000
6.448525,1571795845.640240,0.000000,0.000000,1500.000000,0.000000,1500.000000,0.000000
6.469914,1571795845.661607,0.000000,0.000000,1500.000000,0.000000,1500.000000,0.000000
6.487750,1571795845.679500,0.000000,0.000000,1500.000000,0.000000,1500.000000,0.000000
6.503766,1571795845.695460,0.000000,0.000000,1500.000000,0.000000,1500.000000,0.000000
6.516251,1571795845.707976,0.000000,0.000000,1500.000000,0.000000,1500.000000,0.000000
6.532417,1571795845.724218,0.000000,0.000000,1500.000000,0.000000,1500.000000,0.000000
6.551193,1571795845.742887,0.000000,0.000000,1500.000000,0.000000,1500.000000,0.000000
6.561264,1571795845.752963,0.000000,0.000000,1500.000000,0.000000,1500.000000,0.000000
6.579025,1571795845.770754,0.000000,0.000000,1500.000000,0.000000,1500.000000,0.000000
6.594729,1571795845.786453,0.000000,0.000000,1500.000000,0.000000,1500.000000,0.000000
6.604810,1571795845.796526,0.000000,0.000000,1500.000000,0.000000,1500.000000,0.000000
6.616010,1571795845.807721,0.000000,0.000000,1500.000000,0.000000,1500.000000,0.000000
6.629868,1571795845.821579,0.000000,0.000000,1500.000000,0.000000,1500.000000,0.000000
6.655838,1571795845.847558,0.000000,0.000000,1500.000000,0.000000,1500.000000,0.000000
6.667454,1571795845.859165,0.000000,0.000000,1500.000000,0.000000,1500.000000,0.000000
6.676439,1571795845.868120,0.000000,0.000000,1500.000000,0.000000,1500.000000,0.000000
6.687600,1571795845.879327,0.000000,0.000000,1500.000000,0.000000,1500.000000,0.000000
6.703700,1571795845.895414,0.000000,0.000000,1500.000000,0.000000,1500.000000,0.000000
6.714293,1571795845.905989,0.000000,0.000000,1500.000000,0.000000,1500.000000,0.000000
6.724584,1571795845.916305,0.000000,0.000000,1500.000000,0.000000,1500.000000,0.000000
6.739779,1571795845.931513,0.000000,0.000000,1500.000000,0.000000,1500.000000,0.000000
6.754328,1571795845.946045,0.000000,0.000000,1500.000000,0.000000,1500.000000,0.000000
6.765894,1571795845.957587,0.000000,0.000000,1500.000000,0.000000,1500.000000,0.000000
6.776547,1571795845.968258,0.000000,0.000000,1500.000000,0.000000,1500.000000,0.000000
6.790889,1571795845.982591,0.000000,0.000000,1500.000000,0.000000,1500.000000,0.000000
6.806818,1571795845.998516,0.000000,0.000000,1500.000000,0.000000,1500.000000,0.000000
6.829836,1571795846.021537,0.000000,0.000000,1500.000000,0.000000,1500.000000,0.000000
6.849072,1571795846.040766,0.000000,0.000000,1500.000000,0.000000,1500.000000,0.000000
6.864347,1571795846.056035,0.000000,0.000000,1500.000000,0.000000,1500.000000,0.000000
6.888577,1571795846.080289,0.000000,0.000000,1500.000000,0.000000,1500.000000,0.000000
6.899767,1571795846.091467,0.000000,0.000000,1500.000000,0.000000,1500.000000,0.000000
6.922874,1571795846.114585,0.000000,0.000000,1500.000000,0.000000,1500.000000,0.000000
6.932614,1571795846.124341,0.000000,0.000000,1500.000000,0.000000,1500.000000,0.000000
6.942788,1571795846.134477,0.000000,0.000000,1500.000000,0.000000,1500.000000,0.000000
6.952720,1571795846.144425,0.000000,0.000000,1500.000000,0.000000,1500.000000,0.000000
6.963860,1571795846.155593,0.000000,0.000000,1500.000000,0.000000,1500.000000,0.000000
6.976158,1571795846.167851,0.000000,0.000000,1500.000000,0.000000,1500.000000,0.000000
6.996047,1571795846.187749,0.000000,0.000000,1500.000000,0.000000,1500.000000,0.000000
7.006971,1571795846.198691,0.000000,0.000000,1500.000000,0.000000,1500.000000,0.000000
7.032108,1571795846.223853,0.000000,0.000000,1500.000000,0.000000,1500.000000,0.000000
7.044713,1571795846.236424,0.000000,0.000000,1500.000000,0.000000,1500.000000,0.000000
7.060212,1571795846.251900,0.000000,0.000000,1500.000000,0.000000,1500.000000,0.000000
7.069125,1571795846.260811,0.000000,0.000000,1500.000000,0.000000,1500.000000,0.000000
7.082547,1571795846.274247,0.000000,0.000000,1500.000000,0.000000,1500.000000,0.000000
7.093768,1571795846.285477,0.000000,0.000000,1500.000000,0.000000,1500.000000,0.000000
7.103327,1571795846.295025,0.000000,0.000000,1500.000000,0.000000,1500.000000,0.000000
7.118654,1571795846.310358,0.000000,0.000000,1500.000000,0.000000,1500.000000,0.000000
7.132469,1571795846.324163,0.000000,0.000000,1500.000000,0.000000,1500.000000,0.000000
7.141459,1571795846.333143,0.000000,0.000000,1500.000000,0.000000,1500.000000,0.000000
7.151167,1571795846.342870,0.000000,0.000000,1500.000000,0.000000,1500.000000,0.000000
7.159923,1571795846.351604,0.000000,0.000000,1500.000000,0.000000,1500.000000,0.000000
7.170627,1571795846.362341,0.000000,0.000000,1500.000000,0.000000,1500.000000,0.000000
7.182622,1571795846.374345,0.000000,0.000000,1500.000000,0.000000,1500.000000,0.000000
7.193821,1571795846.385529,0.000000,0.000000,1500.000000,0.000000,1500.000000,0.000000
7.203677,1571795846.395376,0.000000,0.000000,1500.000000,0.000000,1500.000000,0.000000
7.218567,1571795846.410260,0.000000,0.000000,1500.000000,0.000000,1500.000000,0.000000
7.232964,1571795846.424674,0.000000,0.000000,1500.000000,0.000000,1500.000000,0.000000
7.243484,1571795846.435228,0.000000,0.000000,1500.000000,0.000000,1500.000000,0.000000
7.263891,1571795846.455591,0.000000,0.000000,1500.000000,0.000000,1500.000000,0.000000
7.277744,1571795846.469478,0.000000,0.000000,1500.000000,0.000000,1500.000000,0.000000
7.289743,1571795846.481474,0.000000,0.000000,1500.000000,0.000000,1500.000000,0.000000
7.302440,1571795846.494134,0.000000,0.000000,1500.000000,0.000000,1500.000000,0.000000
7.311754,1571795846.503440,0.000000,0.000000,1500.000000,0.000000,1500.000000,0.000000
7.320467,1571795846.512148,0.000000,0.000000,1500.000000,0.000000,1500.000000,0.000000
7.329989,1571795846.521713,0.000000,0.000000,1500.000000,0.000000,1500.000000,0.000000
7.342149,1571795846.533847,0.000000,0.000000,1500.000000,0.000000,1500.000000,0.000000
7.352850,1571795846.544539,0.000000,0.000000,1500.000000,0.000000,1500.000000,0.000000
7.370436,1571795846.562152,0.000000,0.000000,1500.000000,0.000000,1500.000000,0.000000
7.386579,1571795846.578273,0.000000,0.000000,1500.000000,0.000000,1500.000000,0.000000
7.402915,1571795846.594624,0.000000,0.000000,1500.000000,0.000000,1500.000000,0.000000
7.413727,1571795846.605415,0.000000,0.000000,1500.000000,0.000000,1500.000000,0.000000
7.423470,1571795846.615186,0.000000,0.000000,1500.000000,0.000000,1500.000000,0.000000
7.444477,1571795846.636179,0.000000,0.000000,1500.000000,0.000000,1500.000000,0.000000
7.458533,1571795846.650223,0.000000,0.000000,1500.000000,0.000000,1500.000000,0.000000
7.467982,1571795846.659672,0.000000,0.000000,1500.000000,0.000000,1500.000000,0.000000
7.477702,1571795846.669414,0.000000,0.000000,1500.000000,0.000000,1500.000000,0.000000
7.490210,1571795846.681917,0.000000,0.000000,1500.000000,0.000000,1500.000000,0.000000
7.501971,1571795846.693668,0.000000,0.000000,1484.797194,1750.000000,1507.000000,0.000000
7.514567,1571795846.706254,62.927558,1035.000000,1482.844676,1750.000000,1507.000000,68.204000
7.534329,1571795846.726025,9.282200,2424.000000,1481.199237,1750.000000,1507.000000,23.562000
