Rel_time,Abs_time,tau,rpm,steering PWM,DutyCycle,Radio_Throttle_PWM,P_motor,
0.079407,1571796387.549194,0.000000,0.000000,1500.000000,0.000000,1500.000000,0.000000
0.090701,1571796387.559005,10.507497,292.000000,1500.000000,0.000000,1500.000000,3.213000
0.100149,1571796387.568456,-1.830389,745.000000,1500.000000,0.000000,1500.000000,-1.428000
0.111594,1571796387.579897,-0.827673,953.000000,1500.000000,0.000000,1500.000000,-0.826000
0.121568,1571796387.589895,-0.220945,1020.000000,1500.000000,0.000000,1500.000000,-0.236000
0.132042,1571796387.600351,0.000000,817.000000,1500.000000,0.000000,1500.000000,0.000000
0.141335,1571796387.609633,0.000000,764.000000,1500.000000,0.000000,1500.000000,0.000000
0.152061,1571796387.620400,0.000000,662.000000,1500.000000,0.000000,1500.000000,0.000000
0.167940,1571796387.636251,0.000000,510.000000,1500.000000,0.000000,1500.000000,0.000000
0.179305,1571796387.647605,0.000000,443.000000,1500.000000,0.000000,1500.000000,0.000000
0.189193,1571796387.657534,0.000000,372.000000,1500.000000,0.000000,1500.000000,0.000000
0.201582,1571796387.669936,0.000000,323.000000,1500.000000,0.000000,1500.000000,0.000000
0.222856,1571796387.691165,0.000000,268.000000,1500.000000,0.000000,1500.000000,0.000000
0.245735,1571796387.714085,0.000000,174.000000,1500.000000,0.000000,1500.000000,0.000000
0.263466,1571796387.731845,0.000000,125.000000,1500.000000,0.000000,1500.000000,0.000000
0.281180,1571796387.749496,0.000000,109.000000,1500.000000,0.000000,1500.000000,0.000000
0.294574,1571796387.762879,0.000000,19.000000,1500.000000,0.000000,1500.000000,0.000000
0.310513,1571796387.778876,0.000000,14.000000,1500.000000,0.000000,1500.000000,0.000000
0.325451,1571796387.793793,0.000000,12.000000,1500.000000,0.000000,1500.000000,0.000000
0.336211,1571796387.804541,0.000000,10.000000,1500.000000,0.000000,1500.000000,0.000000
0.343633,1571796387.811956,0.000000,8.000000,1500.000000,0.000000,1500.000000,0.000000
0.374242,1571796387.842568,0.000000,5.000000,1500.000000,0.000000,1500.000000,0.000000
0.388961,1571796387.857262,0.000000,4.000000,1500.000000,0.000000,1500.000000,0.000000
0.400474,1571796387.868775,0.000000,3.000000,1500.000000,0.000000,1500.000000,0.000000
0.411882,1571796387.880249,0.000000,3.000000,1500.000000,0.000000,1500.000000,0.000000
0.421678,1571796387.890021,0.000000,2.000000,1500.000000,0.000000,1500.000000,0.000000
0.436500,1571796387.904871,0.000000,2.000000,1500.000000,0.000000,1500.000000,0.000000
0.448416,1571796387.916737,0.000000,1.000000,1500.000000,0.000000,1500.000000,0.000000
0.458632,1571796387.926970,0.000000,1.000000,1500.000000,0.000000,1500.000000,0.000000
0.468715,1571796387.937037,0.000000,1.000000,1500.000000,0.000000,1500.000000,0.000000
0.478460,1571796387.946759,0.000000,1.000000,1500.000000,0.000000,1500.000000,0.000000
0.492511,1571796387.960884,0.000000,0.000000,1500.000000,0.000000,1500.000000,0.000000
0.511818,1571796387.980137,0.000000,0.000000,1500.000000,0.000000,1500.000000,0.000000
0.528998,1571796387.997308,0.000000,0.000000,1500.000000,0.000000,1500.000000,0.000000
0.540175,1571796388.008481,0.000000,0.000000,1500.000000,0.000000,1500.000000,0.000000
0.551179,1571796388.019591,0.000000,0.000000,1500.000000,0.000000,1500.000000,0.000000
0.563944,1571796388.032256,0.000000,0.000000,1500.000000,0.000000,1500.000000,0.000000
0.575680,1571796388.043986,0.000000,0.000000,1500.000000,0.000000,1500.000000,0.000000
0.584486,1571796388.052777,0.000000,0.000000,1500.000000,0.000000,1500.000000,0.000000
0.594388,1571796388.062704,0.000000,0.000000,1500.000000,0.000000,1500.000000,0.000000
0.603453,1571796388.071747,0.000000,0.000000,1500.000000,0.000000,1500.000000,0.000000
0.624434,1571796388.092765,0.000000,0.000000,1500.000000,0.000000,1500.000000,0.000000
0.636510,1571796388.104893,0.000000,0.000000,1500.000000,0.000000,1500.000000,0.000000
0.653908,1571796388.122246,0.000000,0.000000,1500.000000,0.000000,1500.000000,0.000000
0.664953,1571796388.133263,0.000000,0.000000,1500.000000,0.000000,1500.000000,0.000000
0.681912,1571796388.150224,0.000000,0.000000,1500.000000,0.000000,1500.000000,0.000000
0.708132,1571796388.176439,0.000000,0.000000,1500.000000,0.000000,1500.000000,0.000000
0.723380,1571796388.191696,0.000000,0.000000,1500.000000,0.000000,1500.000000,0.000000
0.736828,1571796388.205163,0.000000,0.000000,1500.000000,0.000000,1500.000000,0.000000
0.752817,1571796388.221151,0.000000,0.000000,1500.000000,0.000000,1500.000000,0.000000
0.762855,1571796388.231189,0.000000,0.000000,1500.000000,0.000000,1500.000000,0.000000
0.773787,1571796388.242100,0.000000,0.000000,1500.000000,0.000000,1500.000000,0.000000
0.789262,1571796388.257647,0.000000,0.000000,1500.000000,0.000000,1500.000000,0.000000
0.807931,1571796388.276264,0.000000,0.000000,1500.000000,0.000000,1500.000000,0.000000
0.841486,1571796388.309799,0.000000,0.000000,1500.000000,0.000000,1500.000000,0.000000
0.863938,1571796388.332245,0.000000,0.000000,1500.000000,0.000000,1500.000000,0.000000
0.874285,1571796388.342607,0.000000,0.000000,1500.000000,0.000000,1500.000000,0.000000
0.903287,1571796388.371630,0.000000,0.000000,1500.000000,0.000000,1500.000000,0.000000
0.914573,1571796388.382880,0.000000,0.000000,1500.000000,0.000000,1500.000000,0.000000
0.933860,1571796388.402192,0.000000,0.000000,1500.000000,0.000000,1500.000000,0.000000
0.954770,1571796388.423095,0.000000,0.000000,1500.000000,0.000000,1500.000000,0.000000
0.970511,1571796388.438834,0.000000,0.000000,1500.000000,0.000000,1500.000000,0.000000
0.982425,1571796388.450750,0.000000,0.000000,1500.000000,0.000000,1500.000000,0.000000
0.993810,1571796388.462153,0.000000,0.000000,1500.000000,0.000000,1500.000000,0.000000
1.007113,1571796388.475424,0.000000,0.000000,1500.000000,0.000000,1500.000000,0.000000
1.019180,1571796388.487495,0.000000,0.000000,1500.000000,0.000000,1500.000000,0.000000
1.028005,1571796388.496307,0.000000,0.000000,1500.000000,0.000000,1500.000000,0.000000
1.045006,1571796388.513310,0.000000,0.000000,1500.000000,0.000000,1500.000000,0.000000
1.056301,1571796388.524609,0.000000,0.000000,1500.000000,0.000000,1500.000000,0.000000
1.067052,1571796388.535435,0.000000,0.000000,1500.000000,0.000000,1500.000000,0.000000
1.084047,1571796388.552374,0.000000,0.000000,1500.000000,0.000000,1500.000000,0.000000
1.102791,1571796388.571243,0.000000,0.000000,1500.000000,0.000000,1500.000000,0.000000
1.118305,1571796388.586637,0.000000,0.000000,1500.000000,0.000000,1500.000000,0.000000
1.127214,1571796388.595506,0.000000,0.000000,1500.000000,0.000000,1500.000000,0.000000
1.141967,1571796388.610284,0.000000,0.000000,1500.000000,0.000000,1500.000000,0.000000
1.151606,1571796388.619918,0.000000,0.000000,1500.000000,0.000000,1500.000000,0.000000
1.163683,1571796388.632004,0.000000,0.000000,1500.000000,0.000000,1500.000000,0.000000
1.175086,1571796388.643394,0.000000,0.000000,1500.000000,0.000000,1500.000000,0.000000
1.187413,1571796388.655758,0.000000,0.000000,1500.000000,0.000000,1500.000000,0.000000
1.198759,1571796388.667088,0.000000,0.000000,1500.000000,0.000000,1500.000000,0.000000
1.214329,1571796388.682636,0.000000,0.000000,1500.000000,0.000000,1500.000000,0.000000
1.229377,1571796388.697692,0.000000,0.000000,1500.000000,0.000000,1500.000000,0.000000
1.248387,1571796388.716697,0.000000,0.000000,1500.000000,0.000000,1500.000000,0.000000
1.265267,1571796388.733598,0.000000,0.000000,1500.000000,0.000000,1500.000000,0.000000
1.277943,1571796388.746442,0.000000,0.000000,1500.000000,0.000000,1500.000000,0.000000
1.294582,1571796388.762904,0.000000,0.000000,1500.000000,0.000000,1500.000000,0.000000
1.306508,1571796388.774816,0.000000,0.000000,1500.000000,0.000000,1500.000000,0.000000
1.321323,1571796388.789661,0.000000,0.000000,1500.000000,0.000000,1500.000000,0.000000
1.344801,1571796388.813120,0.000000,0.000000,1500.000000,0.000000,1500.000000,0.000000
1.354023,1571796388.822319,0.000000,0.000000,1500.000000,0.000000,1500.000000,0.000000
1.365515,1571796388.833838,0.000000,0.000000,1500.000000,0.000000,1500.000000,0.000000
1.377710,1571796388.846029,0.000000,0.000000,1500.000000,0.000000,1500.000000,0.000000
1.390609,1571796388.858918,0.000000,0.000000,1500.000000,0.000000,1500.000000,0.000000
1.406893,1571796388.875268,0.000000,0.000000,1500.000000,0.000000,1500.000000,0.000000
1.417483,1571796388.885791,0.000000,0.000000,1500.000000,0.000000,1500.000000,0.000000
1.432733,1571796388.901048,0.000000,0.000000,1500.000000,0.000000,1500.000000,0.000000
1.445843,1571796388.914183,0.000000,0.000000,1500.000000,0.000000,1500.000000,0.000000
1.472908,1571796388.941234,0.000000,0.000000,1500.000000,0.000000,1500.000000,0.000000
1.491161,1571796388.959470,0.000000,0.000000,1500.000000,0.000000,1500.000000,0.000000
1.504561,1571796388.972971,0.000000,0.000000,1500.000000,0.000000,1500.000000,0.000000
1.524013,1571796388.992334,0.000000,0.000000,1500.000000,0.000000,1500.000000,0.000000
1.535062,1571796389.003407,0.000000,0.000000,1500.000000,0.000000,1500.000000,0.000000
1.546186,1571796389.014495,0.000000,0.000000,1500.000000,0.000000,1500.000000,0.000000
1.556835,1571796389.025161,0.000000,0.000000,1500.000000,0.000000,1500.000000,0.000000
1.571578,1571796389.039875,0.000000,0.000000,1500.000000,0.000000,1500.000000,0.000000
1.586153,1571796389.054463,0.000000,0.000000,1500.000000,0.000000,1500.000000,0.000000
1.599515,1571796389.067836,0.000000,0.000000,1500.000000,0.000000,1500.000000,0.000000
1.606197,1571796389.074498,0.000000,0.000000,1500.000000,0.000000,1500.000000,0.000000
1.620760,1571796389.089123,0.000000,0.000000,1500.000000,0.000000,1500.000000,0.000000
1.636011,1571796389.104328,0.000000,0.000000,1500.000000,0.000000,1500.000000,0.000000
1.648340,1571796389.116666,0.000000,0.000000,1500.000000,0.000000,1500.000000,0.000000
1.658988,1571796389.127295,0.000000,0.000000,1500.000000,0.000000,1500.000000,0.000000
1.669735,1571796389.138053,0.000000,0.000000,1500.000000,0.000000,1500.000000,0.000000
1.683949,1571796389.152260,0.000000,0.000000,1500.000000,0.000000,1500.000000,0.000000
1.700315,1571796389.168639,0.000000,0.000000,1500.000000,0.000000,1500.000000,0.000000
1.722827,1571796389.191300,0.000000,0.000000,1500.000000,0.000000,1500.000000,0.000000
1.749680,1571796389.218018,0.000000,0.000000,1500.000000,0.000000,1500.000000,0.000000
1.768724,1571796389.237035,0.000000,0.000000,1500.000000,0.000000,1500.000000,0.000000
1.782014,1571796389.250319,0.000000,0.000000,1500.000000,0.000000,1500.000000,0.000000
1.798918,1571796389.267221,0.000000,0.000000,1500.000000,0.000000,1500.000000,0.000000
1.808965,1571796389.277291,0.000000,0.000000,1500.000000,0.000000,1500.000000,0.000000
1.826978,1571796389.295303,0.000000,0.000000,1500.000000,0.000000,1500.000000,0.000000
1.842158,1571796389.310465,0.000000,0.000000,1500.000000,0.000000,1500.000000,0.000000
1.872315,1571796389.340642,0.000000,0.000000,1500.000000,0.000000,1500.000000,0.000000
1.889398,1571796389.357714,0.000000,0.000000,1500.000000,0.000000,1500.000000,0.000000
1.914868,1571796389.383186,0.000000,0.000000,1500.000000,0.000000,1500.000000,0.000000
1.924069,1571796389.392381,0.000000,0.000000,1500.000000,0.000000,1500.000000,0.000000
1.947249,1571796389.415587,0.000000,0.000000,1500.000000,0.000000,1500.000000,0.000000
1.973577,1571796389.441899,0.000000,0.000000,1500.000000,0.000000,1500.000000,0.000000
1.985587,1571796389.453899,0.000000,0.000000,1500.000000,0.000000,1500.000000,0.000000
2.008547,1571796389.476974,0.000000,0.000000,1500.000000,0.000000,1500.000000,0.000000
2.029880,1571796389.498205,0.000000,0.000000,1500.000000,0.000000,1500.000000,0.000000
2.049804,1571796389.518128,0.000000,0.000000,1500.000000,0.000000,1500.000000,0.000000
2.064142,1571796389.532444,0.000000,0.000000,1500.000000,0.000000,1500.000000,0.000000
2.076522,1571796389.544912,0.000000,0.000000,1500.000000,0.000000,1500.000000,0.000000
2.091022,1571796389.559355,0.000000,0.000000,1500.000000,0.000000,1500.000000,0.000000
2.109281,1571796389.577608,0.000000,0.000000,1500.000000,0.000000,1500.000000,0.000000
2.120217,1571796389.588555,0.000000,0.000000,1500.000000,0.000000,1500.000000,0.000000
2.131758,1571796389.600102,0.000000,0.000000,1500.000000,0.000000,1500.000000,0.000000
2.143339,1571796389.611650,0.000000,0.000000,1500.000000,0.000000,1500.000000,0.000000
2.155563,1571796389.623873,0.000000,0.000000,1500.000000,0.000000,1500.000000,0.000000
2.170276,1571796389.638574,0.000000,0.000000,1500.000000,0.000000,1500.000000,0.000000
2.183023,1571796389.651384,0.000000,0.000000,1500.000000,0.000000,1500.000000,0.000000
2.194790,1571796389.663094,0.000000,0.000000,1500.000000,0.000000,1500.000000,0.000000
2.205836,1571796389.674160,0.000000,0.000000,1500.000000,0.000000,1500.000000,0.000000
2.220956,1571796389.689281,0.000000,0.000000,1500.000000,0.000000,1500.000000,0.000000
2.232074,1571796389.700380,0.000000,0.000000,1500.000000,0.000000,1500.000000,0.000000
2.242585,1571796389.710898,0.000000,0.000000,1500.000000,0.000000,1500.000000,0.000000
2.253347,1571796389.721657,0.000000,0.000000,1500.000000,0.000000,1500.000000,0.000000
2.264294,1571796389.732603,0.000000,0.000000,1500.000000,0.000000,1500.000000,0.000000
2.291282,1571796389.759593,0.000000,0.000000,1500.000000,0.000000,1500.000000,0.000000
2.304996,1571796389.773410,0.000000,0.000000,1500.000000,0.000000,1500.000000,0.000000
2.315611,1571796389.783912,0.000000,0.000000,1500.000000,0.000000,1500.000000,0.000000
2.332592,1571796389.800967,0.000000,0.000000,1500.000000,0.000000,1500.000000,0.000000
2.357009,1571796389.825356,0.000000,0.000000,1500.000000,0.000000,1500.000000,0.000000
2.372576,1571796389.840938,0.000000,0.000000,1500.000000,0.000000,1500.000000,0.000000
2.385473,1571796389.853780,0.000000,0.000000,1500.000000,0.000000,1500.000000,0.000000
2.395494,1571796389.863810,0.000000,0.000000,1500.000000,0.000000,1500.000000,0.000000
2.406329,1571796389.874671,0.000000,0.000000,1500.000000,0.000000,1500.000000,0.000000
2.416545,1571796389.884933,0.000000,0.000000,1500.000000,0.000000,1500.000000,0.000000
2.431635,1571796389.899963,0.000000,0.000000,1500.000000,0.000000,1500.000000,0.000000
2.449644,1571796389.917967,0.000000,0.000000,1500.000000,0.000000,1500.000000,0.000000
2.467915,1571796389.936595,0.000000,0.000000,1500.000000,0.000000,1500.000000,0.000000
2.488440,1571796389.956750,0.000000,0.000000,1500.000000,0.000000,1500.000000,0.000000
2.506838,1571796389.975148,0.000000,0.000000,1500.000000,0.000000,1500.000000,0.000000
2.523993,1571796389.992300,0.000000,0.000000,1500.000000,0.000000,1500.000000,0.000000
2.539294,1571796390.007608,0.000000,0.000000,1500.000000,0.000000,1500.000000,0.000000
2.553380,1571796390.021680,0.000000,0.000000,1500.000000,0.000000,1500.000000,0.000000
2.566498,1571796390.034854,0.000000,0.000000,1500.000000,0.000000,1500.000000,0.000000
2.579974,1571796390.048307,0.000000,0.000000,1500.000000,0.000000,1500.000000,0.000000
2.594311,1571796390.062632,0.000000,0.000000,1500.000000,0.000000,1500.000000,0.000000
2.605424,1571796390.073751,0.000000,0.000000,1500.000000,0.000000,1500.000000,0.000000
2.622079,1571796390.090381,0.000000,0.000000,1500.000000,0.000000,1500.000000,0.000000
2.637257,1571796390.105574,0.000000,0.000000,1500.000000,0.000000,1500.000000,0.000000
2.650880,1571796390.119191,0.000000,0.000000,1500.000000,0.000000,1500.000000,0.000000
2.666589,1571796390.134933,0.000000,0.000000,1500.000000,0.000000,1500.000000,0.000000
2.679811,1571796390.148143,0.000000,0.000000,1500.000000,0.000000,1500.000000,0.000000
2.691844,1571796390.160163,0.000000,0.000000,1500.000000,0.000000,1500.000000,0.000000
2.706298,1571796390.174647,0.000000,0.000000,1500.000000,0.000000,1500.000000,0.000000
2.719532,1571796390.187845,0.000000,0.000000,1500.000000,0.000000,1500.000000,0.000000
2.726880,1571796390.195195,0.000000,0.000000,1500.000000,0.000000,1500.000000,0.000000
2.749669,1571796390.218091,0.000000,0.000000,1500.000000,0.000000,1500.000000,0.000000
2.762602,1571796390.230909,0.000000,0.000000,1500.000000,0.000000,1500.000000,0.000000
2.788096,1571796390.256412,0.000000,0.000000,1500.000000,0.000000,1500.000000,0.000000
2.804219,1571796390.272522,0.000000,0.000000,1500.000000,0.000000,1500.000000,0.000000
2.813448,1571796390.281749,0.000000,0.000000,1500.000000,0.000000,1500.000000,0.000000
2.822938,1571796390.291292,0.000000,0.000000,1500.000000,0.000000,1500.000000,0.000000
2.836297,1571796390.304624,0.000000,0.000000,1500.000000,0.000000,1500.000000,0.000000
2.849315,1571796390.317619,0.000000,0.000000,1500.000000,0.000000,1500.000000,0.000000
2.859752,1571796390.328080,0.000000,0.000000,1500.000000,0.000000,1500.000000,0.000000
2.879367,1571796390.347678,0.000000,0.000000,1500.000000,0.000000,1500.000000,0.000000
2.894191,1571796390.362499,0.000000,0.000000,1500.000000,0.000000,1500.000000,0.000000
2.904326,1571796390.372668,0.000000,0.000000,1500.000000,0.000000,1500.000000,0.000000
2.917699,1571796390.386014,0.000000,0.000000,1500.000000,0.000000,1500.000000,0.000000
2.935616,1571796390.404098,0.000000,0.000000,1500.000000,0.000000,1500.000000,0.000000
2.949375,1571796390.417680,0.000000,0.000000,1500.000000,0.000000,1500.000000,0.000000
2.971085,1571796390.439387,0.000000,0.000000,1500.000000,0.000000,1500.000000,0.000000
2.984456,1571796390.453520,0.000000,0.000000,1500.000000,0.000000,1500.000000,0.000000
3.002551,1571796390.470851,0.000000,0.000000,1500.000000,0.000000,1500.000000,0.000000
3.015388,1571796390.483719,0.000000,0.000000,1500.000000,0.000000,1500.000000,0.000000
3.033380,1571796390.501707,0.000000,0.000000,1500.000000,0.000000,1500.000000,0.000000
3.081551,1571796390.549884,0.000000,0.000000,1500.000000,0.000000,1500.000000,0.000000
3.091828,1571796390.560133,0.000000,0.000000,1500.000000,0.000000,1500.000000,0.000000
3.102073,1571796390.570374,0.000000,0.000000,1500.000000,0.000000,1500.000000,0.000000
3.116464,1571796390.584772,0.000000,0.000000,1500.000000,0.000000,1500.000000,0.000000
3.145175,1571796390.613515,0.000000,0.000000,1500.000000,0.000000,1500.000000,0.000000
3.154613,1571796390.622926,0.000000,0.000000,1500.000000,0.000000,1500.000000,0.000000
3.171604,1571796390.639935,0.000000,0.000000,1500.000000,0.000000,1500.000000,0.000000
3.184180,1571796390.652505,0.000000,0.000000,1500.000000,0.000000,1500.000000,0.000000
3.194979,1571796390.663307,0.000000,0.000000,1500.000000,0.000000,1500.000000,0.000000
3.205264,1571796390.673566,0.000000,0.000000,1500.000000,0.000000,1500.000000,0.000000
3.220953,1571796390.689257,0.000000,0.000000,1500.000000,0.000000,1500.000000,0.000000
3.231806,1571796390.700116,0.000000,0.000000,1500.000000,0.000000,1500.000000,0.000000
3.244373,1571796390.712675,0.000000,0.000000,1500.000000,0.000000,1500.000000,0.000000
3.261808,1571796390.730123,0.000000,0.000000,1500.000000,0.000000,1500.000000,0.000000
3.273027,1571796390.741410,0.000000,0.000000,1500.000000,0.000000,1500.000000,0.000000
3.292071,1571796390.760390,0.000000,0.000000,1500.000000,0.000000,1500.000000,0.000000
3.304368,1571796390.772686,0.000000,0.000000,1500.000000,0.000000,1500.000000,0.000000
3.320040,1571796390.788384,0.000000,0.000000,1500.000000,0.000000,1500.000000,0.000000
3.334065,1571796390.802377,0.000000,0.000000,1500.000000,0.000000,1500.000000,0.000000
3.348914,1571796390.817230,0.000000,0.000000,1500.000000,0.000000,1500.000000,0.000000
3.358723,1571796390.827045,0.000000,0.000000,1500.000000,0.000000,1500.000000,0.000000
3.367572,1571796390.835867,0.000000,0.000000,1500.000000,0.000000,1500.000000,0.000000
3.376796,1571796390.845093,0.000000,0.000000,1500.000000,0.000000,1500.000000,0.000000
3.386348,1571796390.854650,0.000000,0.000000,1500.000000,0.000000,1500.000000,0.000000
3.402385,1571796390.870715,0.000000,0.000000,1500.000000,0.000000,1500.000000,0.000000
3.417715,1571796390.886028,0.000000,0.000000,1500.000000,0.000000,1500.000000,0.000000
3.429343,1571796390.897772,0.000000,0.000000,1500.000000,0.000000,1500.000000,0.000000
3.447134,1571796390.915453,0.000000,0.000000,1500.000000,0.000000,1500.000000,0.000000
3.461152,1571796390.929526,0.000000,0.000000,1500.000000,0.000000,1500.000000,0.000000
3.477051,1571796390.945383,0.000000,0.000000,1500.000000,0.000000,1500.000000,0.000000
3.493307,1571796390.961651,0.000000,0.000000,1500.000000,0.000000,1500.000000,0.000000
3.512115,1571796390.980455,0.000000,0.000000,1500.000000,0.000000,1500.000000,0.000000
3.526508,1571796390.994817,0.000000,0.000000,1500.000000,0.000000,1500.000000,0.000000
3.536421,1571796391.004755,0.000000,0.000000,1500.000000,0.000000,1500.000000,0.000000
3.550258,1571796391.018559,0.000000,0.000000,1500.000000,0.000000,1500.000000,0.000000
3.559950,1571796391.028269,0.000000,0.000000,1500.000000,0.000000,1500.000000,0.000000
3.571027,1571796391.039333,0.000000,0.000000,1500.000000,0.000000,1500.000000,0.000000
3.590250,1571796391.058551,0.000000,0.000000,1500.000000,0.000000,1500.000000,0.000000
3.600627,1571796391.068943,0.000000,0.000000,1500.000000,0.000000,1500.000000,0.000000
3.611261,1571796391.079587,0.000000,0.000000,1500.000000,0.000000,1500.000000,0.000000
3.626593,1571796391.094895,0.000000,0.000000,1500.000000,0.000000,1500.000000,0.000000
3.636530,1571796391.104936,0.000000,0.000000,1500.000000,0.000000,1500.000000,0.000000
3.647635,1571796391.115974,0.000000,0.000000,1500.000000,0.000000,1500.000000,0.000000
3.659520,1571796391.127834,0.000000,0.000000,1500.000000,0.000000,1500.000000,0.000000
3.670587,1571796391.138900,0.000000,0.000000,1500.000000,0.000000,1500.000000,0.000000
3.682626,1571796391.150930,0.000000,0.000000,1500.000000,0.000000,1500.000000,0.000000
3.700701,1571796391.169007,0.000000,0.000000,1500.000000,0.000000,1500.000000,0.000000
3.712899,1571796391.181227,0.000000,0.000000,1500.000000,0.000000,1500.000000,0.000000
3.727445,1571796391.195755,0.000000,0.000000,1500.000000,0.000000,1500.000000,0.000000
3.738361,1571796391.206663,0.000000,0.000000,1500.000000,0.000000,1500.000000,0.000000
3.755057,1571796391.223391,0.000000,0.000000,1500.000000,0.000000,1500.000000,0.000000
3.771249,1571796391.239566,0.000000,0.000000,1500.000000,0.000000,1500.000000,0.000000
3.782733,1571796391.251038,0.000000,0.000000,1500.000000,0.000000,1500.000000,0.000000
3.793471,1571796391.261787,0.000000,0.000000,1500.000000,0.000000,1500.000000,0.000000
3.802651,1571796391.270985,0.000000,0.000000,1500.000000,0.000000,1500.000000,0.000000
3.833984,1571796391.302345,0.000000,0.000000,1500.000000,0.000000,1500.000000,0.000000
3.852857,1571796391.321757,0.000000,0.000000,1500.000000,0.000000,1500.000000,0.000000
3.865276,1571796391.333606,0.000000,0.000000,1500.000000,0.000000,1500.000000,0.000000
3.876276,1571796391.344651,0.000000,0.000000,1500.000000,0.000000,1500.000000,0.000000
3.893607,1571796391.361924,0.000000,0.000000,1500.000000,0.000000,1500.000000,0.000000
3.912837,1571796391.381143,0.000000,0.000000,1500.000000,0.000000,1500.000000,0.000000
3.932096,1571796391.400433,0.000000,0.000000,1500.000000,0.000000,1500.000000,0.000000
3.955302,1571796391.423609,0.000000,0.000000,1500.000000,0.000000,1500.000000,0.000000
3.965745,1571796391.434050,0.000000,0.000000,1500.000000,0.000000,1500.000000,0.000000
3.975708,1571796391.444024,0.000000,0.000000,1500.000000,0.000000,1500.000000,0.000000
3.987256,1571796391.455595,0.000000,0.000000,1500.000000,0.000000,1500.000000,0.000000
3.998893,1571796391.467225,0.000000,0.000000,1500.000000,0.000000,1500.000000,0.000000
4.010337,1571796391.478645,0.000000,0.000000,1500.000000,0.000000,1500.000000,0.000000
4.019915,1571796391.488214,0.000000,0.000000,1500.000000,0.000000,1500.000000,0.000000
4.031559,1571796391.499903,0.000000,0.000000,1500.000000,0.000000,1500.000000,0.000000
4.041895,1571796391.510221,0.000000,0.000000,1500.000000,0.000000,1500.000000,0.000000
4.055919,1571796391.524231,0.000000,0.000000,1500.000000,0.000000,1500.000000,0.000000
4.080162,1571796391.548462,0.000000,0.000000,1500.000000,0.000000,1500.000000,0.000000
4.094700,1571796391.563037,0.000000,0.000000,1500.000000,0.000000,1500.000000,0.000000
4.131566,1571796391.599880,0.000000,0.000000,1500.000000,0.000000,1500.000000,0.000000
4.154365,1571796391.622678,0.000000,0.000000,1500.000000,0.000000,1500.000000,0.000000
4.169029,1571796391.637352,0.000000,0.000000,1500.000000,0.000000,1500.000000,0.000000
4.180015,1571796391.648335,0.000000,0.000000,1500.000000,0.000000,1500.000000,0.000000
4.190422,1571796391.658734,0.000000,0.000000,1500.000000,0.000000,1500.000000,0.000000
4.200724,1571796391.669024,0.000000,0.000000,1500.000000,0.000000,1500.000000,0.000000
4.213943,1571796391.682240,0.000000,0.000000,1500.000000,0.000000,1500.000000,0.000000
4.225635,1571796391.694033,0.000000,0.000000,1500.000000,0.000000,1500.000000,0.000000
4.249484,1571796391.717794,0.000000,0.000000,1500.000000,0.000000,1500.000000,0.000000
4.260574,1571796391.728999,0.000000,0.000000,1500.000000,0.000000,1500.000000,0.000000
4.272348,1571796391.740666,0.000000,0.000000,1500.000000,0.000000,1500.000000,0.000000
4.295015,1571796391.763343,0.000000,0.000000,1500.000000,0.000000,1500.000000,0.000000
4.313965,1571796391.782269,0.000000,0.000000,1500.000000,0.000000,1500.000000,0.000000
4.327072,1571796391.795408,0.000000,0.000000,1500.000000,0.000000,1500.000000,0.000000
4.339713,1571796391.808015,0.000000,0.000000,1500.000000,0.000000,1500.000000,0.000000
4.350089,1571796391.818409,0.000000,0.000000,1500.000000,0.000000,1500.000000,0.000000
4.359596,1571796391.827911,0.000000,0.000000,1500.000000,0.000000,1500.000000,0.000000
4.369134,1571796391.837432,0.000000,0.000000,1500.000000,0.000000,1500.000000,0.000000
4.383988,1571796391.852295,0.000000,0.000000,1500.000000,0.000000,1500.000000,0.000000
4.401574,1571796391.870027,0.000000,0.000000,1500.000000,0.000000,1500.000000,0.000000
4.419533,1571796391.887849,0.000000,0.000000,1500.000000,0.000000,1500.000000,0.000000
4.427076,1571796391.895382,0.000000,0.000000,1500.000000,0.000000,1500.000000,0.000000
4.448759,1571796391.917084,0.000000,0.000000,1500.000000,0.000000,1500.000000,0.000000
4.463548,1571796391.931866,0.000000,0.000000,1500.000000,0.000000,1500.000000,0.000000
4.487284,1571796391.955629,0.000000,0.000000,1500.000000,0.000000,1500.000000,0.000000
4.501307,1571796391.969634,0.000000,0.000000,1500.000000,0.000000,1500.000000,0.000000
4.514622,1571796391.982944,0.000000,0.000000,1500.000000,0.000000,1500.000000,0.000000
4.532894,1571796392.001224,0.000000,0.000000,1500.000000,0.000000,1500.000000,0.000000
4.542266,1571796392.010583,0.000000,0.000000,1500.000000,0.000000,1500.000000,0.000000
4.554174,1571796392.022492,0.000000,0.000000,1500.000000,0.000000,1500.000000,0.000000
4.572427,1571796392.040737,0.000000,0.000000,1500.000000,0.000000,1500.000000,0.000000
4.585983,1571796392.054335,0.000000,0.000000,1500.000000,0.000000,1500.000000,0.000000
4.599045,1571796392.067354,0.000000,0.000000,1500.000000,0.000000,1500.000000,0.000000
4.614451,1571796392.082775,0.000000,0.000000,1500.000000,0.000000,1500.000000,0.000000
4.628168,1571796392.096663,0.000000,0.000000,1500.000000,0.000000,1500.000000,0.000000
4.640274,1571796392.108589,0.000000,0.000000,1500.000000,0.000000,1500.000000,0.000000
4.653504,1571796392.121812,0.000000,0.000000,1500.000000,0.000000,1500.000000,0.000000
4.663607,1571796392.131947,0.000000,0.000000,1500.000000,0.000000,1500.000000,0.000000
4.673693,1571796392.142005,0.000000,0.000000,1500.000000,0.000000,1500.000000,0.000000
4.699510,1571796392.167821,0.000000,0.000000,1500.000000,0.000000,1500.000000,0.000000
4.725370,1571796392.193734,0.000000,0.000000,1500.000000,0.000000,1500.000000,0.000000
4.740781,1571796392.209085,0.000000,0.000000,1500.000000,0.000000,1500.000000,0.000000
4.754375,1571796392.222699,0.000000,0.000000,1500.000000,0.000000,1500.000000,0.000000
4.763422,1571796392.231716,0.000000,0.000000,1500.000000,0.000000,1500.000000,0.000000
4.772576,1571796392.240956,0.000000,0.000000,1500.000000,0.000000,1500.000000,0.000000
4.784796,1571796392.253099,0.000000,0.000000,1500.000000,0.000000,1500.000000,0.000000
4.793759,1571796392.262052,0.000000,0.000000,1500.000000,0.000000,1500.000000,0.000000
4.802667,1571796392.270960,0.000000,0.000000,1500.000000,0.000000,1500.000000,0.000000
4.812147,1571796392.280450,0.000000,0.000000,1500.000000,0.000000,1500.000000,0.000000
4.824521,1571796392.292823,0.000000,0.000000,1500.000000,0.000000,1500.000000,0.000000
4.833563,1571796392.301857,0.000000,0.000000,1500.000000,0.000000,1500.000000,0.000000
4.843335,1571796392.311647,0.000000,0.000000,1500.000000,0.000000,1500.000000,0.000000
4.853707,1571796392.322051,0.000000,0.000000,1500.000000,0.000000,1500.000000,0.000000
4.863565,1571796392.331877,0.000000,0.000000,1500.000000,0.000000,1500.000000,0.000000
4.883060,1571796392.351379,0.000000,0.000000,1500.000000,0.000000,1500.000000,0.000000
4.892199,1571796392.360498,0.000000,0.000000,1500.000000,0.000000,1500.000000,0.000000
4.901029,1571796392.369325,0.000000,0.000000,1500.000000,0.000000,1500.000000,0.000000
4.910079,1571796392.378623,0.000000,0.000000,1500.000000,0.000000,1500.000000,0.000000
4.921064,1571796392.389390,0.000000,0.000000,1500.000000,0.000000,1500.000000,0.000000
4.953092,1571796392.421462,0.000000,0.000000,1500.000000,0.000000,1500.000000,0.000000
4.964178,1571796392.432497,0.000000,0.000000,1500.000000,0.000000,1500.000000,0.000000
4.991541,1571796392.459873,0.000000,0.000000,1500.000000,0.000000,1500.000000,0.000000
5.010693,1571796392.479004,0.000000,0.000000,1500.000000,0.000000,1500.000000,0.000000
5.022541,1571796392.490865,0.000000,0.000000,1500.000000,0.000000,1500.000000,0.000000
5.045938,1571796392.514264,0.000000,0.000000,1500.000000,0.000000,1500.000000,0.000000
5.059911,1571796392.528217,0.000000,0.000000,1500.000000,0.000000,1500.000000,0.000000
5.071632,1571796392.539948,0.000000,0.000000,1500.000000,0.000000,1500.000000,0.000000
5.081434,1571796392.549758,0.000000,0.000000,1500.000000,0.000000,1500.000000,0.000000
5.104683,1571796392.572987,0.000000,0.000000,1500.000000,0.000000,1500.000000,0.000000
5.119805,1571796392.588127,0.000000,0.000000,1500.000000,0.000000,1500.000000,0.000000
5.129307,1571796392.597632,0.000000,0.000000,1500.000000,0.000000,1500.000000,0.000000
5.146344,1571796392.614664,0.000000,0.000000,1500.000000,0.000000,1500.000000,0.000000
5.154747,1571796392.623079,0.000000,0.000000,1500.000000,0.000000,1500.000000,0.000000
5.175177,1571796392.643502,0.000000,0.000000,1500.000000,0.000000,1500.000000,0.000000
5.192848,1571796392.661151,0.000000,0.000000,1500.000000,0.000000,1500.000000,0.000000
5.202860,1571796392.671186,0.000000,0.000000,1500.000000,0.000000,1500.000000,0.000000
5.212963,1571796392.681275,0.000000,0.000000,1500.000000,0.000000,1500.000000,0.000000
5.231182,1571796392.699504,0.000000,0.000000,1500.000000,0.000000,1500.000000,0.000000
5.243137,1571796392.711442,0.000000,0.000000,1500.000000,0.000000,1500.000000,0.000000
5.264030,1571796392.732433,0.000000,0.000000,1500.000000,0.000000,1500.000000,0.000000
5.286076,1571796392.754398,0.000000,0.000000,1500.000000,0.000000,1500.000000,0.000000
5.301996,1571796392.770307,0.000000,0.000000,1500.000000,0.000000,1500.000000,0.000000
5.309758,1571796392.778069,0.000000,0.000000,1500.000000,0.000000,1500.000000,0.000000
5.328162,1571796392.796531,0.000000,0.000000,1500.000000,0.000000,1500.000000,0.000000
5.342088,1571796392.813783,0.000000,0.000000,1500.000000,0.000000,1500.000000,0.000000
5.355227,1571796392.823533,0.000000,0.000000,1500.000000,0.000000,1500.000000,0.000000
5.364722,1571796392.833065,0.000000,0.000000,1500.000000,0.000000,1500.000000,0.000000
5.379215,1571796392.847515,0.000000,0.000000,1500.000000,0.000000,1500.000000,0.000000
5.390704,1571796392.859012,0.000000,0.000000,1500.000000,0.000000,1500.000000,0.000000
5.401955,1571796392.870279,0.000000,0.000000,1500.000000,0.000000,1500.000000,0.000000
5.415087,1571796392.883395,0.000000,0.000000,1500.000000,0.000000,1500.000000,0.000000
5.428193,1571796392.896494,0.000000,0.000000,1500.000000,0.000000,1500.000000,0.000000
5.438095,1571796392.906395,0.000000,0.000000,1500.000000,0.000000,1500.000000,0.000000
5.465369,1571796392.933670,0.000000,0.000000,1500.000000,0.000000,1500.000000,0.000000
5.474114,1571796392.942409,0.000000,0.000000,1500.000000,0.000000,1500.000000,0.000000
5.483627,1571796392.951943,0.000000,0.000000,1500.000000,0.000000,1500.000000,0.000000
5.499254,1571796392.967560,0.000000,0.000000,1500.000000,0.000000,1500.000000,0.000000
5.514431,1571796392.982761,0.000000,0.000000,1500.000000,0.000000,1500.000000,0.000000
5.532028,1571796393.000369,0.000000,0.000000,1500.000000,0.000000,1500.000000,0.000000
5.546991,1571796393.015292,0.000000,0.000000,1500.000000,0.000000,1500.000000,0.000000
5.555699,1571796393.023989,0.000000,0.000000,1500.000000,0.000000,1500.000000,0.000000
5.565954,1571796393.034279,0.000000,0.000000,1500.000000,0.000000,1500.000000,0.000000
5.584569,1571796393.052968,0.000000,0.000000,1500.000000,0.000000,1500.000000,0.000000
5.611702,1571796393.080023,0.000000,0.000000,1500.000000,0.000000,1500.000000,0.000000
5.630776,1571796393.099093,0.000000,0.000000,1500.000000,0.000000,1500.000000,0.000000
5.642098,1571796393.110446,0.000000,0.000000,1500.000000,0.000000,1500.000000,0.000000
5.659452,1571796393.127791,0.000000,0.000000,1500.000000,0.000000,1500.000000,0.000000
5.673235,1571796393.141537,0.000000,0.000000,1500.000000,0.000000,1500.000000,0.000000
5.684759,1571796393.153119,0.000000,0.000000,1500.000000,0.000000,1500.000000,0.000000
5.704299,1571796393.172646,0.000000,0.000000,1500.000000,0.000000,1500.000000,0.000000
5.725959,1571796393.194274,0.000000,0.000000,1500.000000,0.000000,1500.000000,0.000000
5.749799,1571796393.218112,0.000000,0.000000,1500.000000,0.000000,1500.000000,0.000000
5.767538,1571796393.235854,0.000000,0.000000,1500.000000,0.000000,1500.000000,0.000000
5.782640,1571796393.250945,0.000000,0.000000,1500.000000,0.000000,1500.000000,0.000000
5.797222,1571796393.265531,0.000000,0.000000,1500.000000,0.000000,1500.000000,0.000000
5.812995,1571796393.281294,0.000000,0.000000,1500.000000,0.000000,1500.000000,0.000000
5.823415,1571796393.291717,0.000000,0.000000,1500.000000,0.000000,1500.000000,0.000000
5.832108,1571796393.300399,0.000000,0.000000,1500.000000,0.000000,1500.000000,0.000000
5.841941,1571796393.310297,0.000000,0.000000,1500.000000,0.000000,1500.000000,0.000000
5.859058,1571796393.327399,0.000000,0.000000,1500.000000,0.000000,1500.000000,0.000000
5.874791,1571796393.343088,0.000000,0.000000,1500.000000,0.000000,1500.000000,0.000000
5.887522,1571796393.355829,0.000000,0.000000,1500.000000,0.000000,1500.000000,0.000000
5.896689,1571796393.364984,0.000000,0.000000,1500.000000,0.000000,1500.000000,0.000000
5.905443,1571796393.373733,0.000000,0.000000,1500.000000,0.000000,1500.000000,0.000000
5.915040,1571796393.383347,0.000000,0.000000,1500.000000,0.000000,1500.000000,0.000000
5.924504,1571796393.392819,0.000000,0.000000,1500.000000,0.000000,1500.000000,0.000000
5.934564,1571796393.402865,0.000000,0.000000,1500.000000,0.000000,1500.000000,0.000000
5.943633,1571796393.411940,0.000000,0.000000,1500.000000,0.000000,1500.000000,0.000000
5.953062,1571796393.421360,0.000000,0.000000,1500.000000,0.000000,1500.000000,0.000000
5.962589,1571796393.430913,0.000000,0.000000,1500.000000,0.000000,1500.000000,0.000000
5.976583,1571796393.444983,0.000000,0.000000,1500.000000,0.000000,1500.000000,0.000000
5.990386,1571796393.458688,0.000000,0.000000,1500.000000,0.000000,1500.000000,0.000000
5.999958,1571796393.468267,0.000000,0.000000,1500.000000,0.000000,1500.000000,0.000000
6.011701,1571796393.480000,0.000000,0.000000,1500.000000,0.000000,1500.000000,0.000000
6.020727,1571796393.489028,0.000000,0.000000,1500.000000,0.000000,1500.000000,0.000000
6.029963,1571796393.498260,0.000000,0.000000,1500.000000,0.000000,1500.000000,0.000000
6.039481,1571796393.507851,0.000000,0.000000,1500.000000,0.000000,1500.000000,0.000000
6.052096,1571796393.520432,0.000000,0.000000,1500.000000,0.000000,1500.000000,0.000000
6.064741,1571796393.533083,0.000000,0.000000,1500.000000,0.000000,1500.000000,0.000000
6.086797,1571796393.555106,0.000000,0.000000,1500.000000,0.000000,1500.000000,0.000000
6.118428,1571796393.586731,0.000000,0.000000,1500.000000,0.000000,1500.000000,0.000000
6.135865,1571796393.604172,0.000000,0.000000,1500.000000,0.000000,1500.000000,0.000000
6.149143,1571796393.617451,0.000000,0.000000,1500.000000,0.000000,1500.000000,0.000000
6.163094,1571796393.631424,0.000000,0.000000,1500.000000,0.000000,1500.000000,0.000000
6.183300,1571796393.651610,0.000000,0.000000,1500.000000,0.000000,1500.000000,0.000000
6.199504,1571796393.667811,0.000000,0.000000,1500.000000,0.000000,1500.000000,0.000000
6.215096,1571796393.683406,0.000000,0.000000,1500.000000,0.000000,1500.000000,0.000000
6.225552,1571796393.693905,0.000000,0.000000,1500.000000,0.000000,1500.000000,0.000000
6.237285,1571796393.705628,0.000000,0.000000,1500.000000,0.000000,1500.000000,0.000000
6.247738,1571796393.716039,0.000000,0.000000,1500.000000,0.000000,1500.000000,0.000000
6.261171,1571796393.729489,0.000000,0.000000,1500.000000,0.000000,1500.000000,0.000000
6.280866,1571796393.749175,0.000000,0.000000,1500.000000,0.000000,1500.000000,0.000000
6.291968,1571796393.760267,0.000000,0.000000,1500.000000,0.000000,1500.000000,0.000000
6.303082,1571796393.771390,0.000000,0.000000,1500.000000,0.000000,1500.000000,0.000000
6.312923,1571796393.781252,0.000000,0.000000,1500.000000,0.000000,1500.000000,0.000000
6.326637,1571796393.794963,0.000000,0.000000,1500.000000,0.000000,1500.000000,0.000000
6.339944,1571796393.808254,0.000000,0.000000,1500.000000,0.000000,1500.000000,0.000000
6.354661,1571796393.822992,0.000000,0.000000,1500.000000,0.000000,1500.000000,0.000000
6.366360,1571796393.834704,0.000000,0.000000,1500.000000,0.000000,1500.000000,0.000000
6.380705,1571796393.849005,0.000000,0.000000,1500.000000,0.000000,1500.000000,0.000000
6.397731,1571796393.866079,0.000000,0.000000,1500.000000,0.000000,1500.000000,0.000000
6.405855,1571796393.874189,0.000000,0.000000,1500.000000,0.000000,1500.000000,0.000000
6.423036,1571796393.891363,0.000000,0.000000,1500.000000,0.000000,1500.000000,0.000000
6.434022,1571796393.902331,0.000000,0.000000,1500.000000,0.000000,1500.000000,0.000000
6.445750,1571796393.914088,0.000000,0.000000,1500.000000,0.000000,1500.000000,0.000000
6.456448,1571796393.924770,0.000000,0.000000,1500.000000,0.000000,1500.000000,0.000000
6.467832,1571796393.936159,0.000000,0.000000,1500.000000,0.000000,1500.000000,0.000000
6.483330,1571796393.951680,0.000000,0.000000,1500.000000,0.000000,1500.000000,0.000000
6.519586,1571796393.987909,0.000000,0.000000,1500.000000,0.000000,1500.000000,0.000000
6.534047,1571796394.002363,0.000000,0.000000,1500.000000,0.000000,1500.000000,0.000000
6.548394,1571796394.016702,0.000000,0.000000,1500.000000,0.000000,1500.000000,0.000000
6.560253,1571796394.028574,0.000000,0.000000,1500.000000,0.000000,1500.000000,0.000000
6.575221,1571796394.043545,0.000000,0.000000,1500.000000,0.000000,1500.000000,0.000000
6.604912,1571796394.073231,0.000000,0.000000,1500.000000,0.000000,1500.000000,0.000000
6.616594,1571796394.084998,0.000000,0.000000,1500.000000,0.000000,1500.000000,0.000000
6.628079,1571796394.096423,0.000000,0.000000,1500.000000,0.000000,1500.000000,0.000000
6.645222,1571796394.113623,0.000000,0.000000,1500.000000,0.000000,1500.000000,0.000000
6.656685,1571796394.124999,0.000000,0.000000,1500.000000,0.000000,1500.000000,0.000000
6.667473,1571796394.135772,0.000000,0.000000,1500.000000,0.000000,1500.000000,0.000000
6.677596,1571796394.145911,0.000000,0.000000,1500.000000,0.000000,1500.000000,0.000000
6.687849,1571796394.156196,0.000000,0.000000,1500.000000,0.000000,1500.000000,0.000000
6.700145,1571796394.168506,0.000000,0.000000,1500.000000,0.000000,1500.000000,0.000000
6.712766,1571796394.181219,0.000000,0.000000,1500.000000,0.000000,1500.000000,0.000000
6.725957,1571796394.194330,0.000000,0.000000,1500.000000,0.000000,1500.000000,0.000000
6.740443,1571796394.208750,0.000000,0.000000,1500.000000,0.000000,1500.000000,0.000000
6.755953,1571796394.224295,0.000000,0.000000,1500.000000,0.000000,1500.000000,0.000000
6.780745,1571796394.249158,0.000000,0.000000,1500.000000,0.000000,1500.000000,0.000000
6.791866,1571796394.260176,0.000000,0.000000,1500.000000,0.000000,1500.000000,0.000000
6.806578,1571796394.274923,0.000000,0.000000,1500.000000,0.000000,1500.000000,0.000000
6.819824,1571796394.288131,0.000000,0.000000,1500.000000,0.000000,1500.000000,0.000000
6.825212,1571796394.293504,0.000000,0.000000,1500.000000,0.000000,1500.000000,0.000000
6.840579,1571796394.308946,0.000000,0.000000,1500.000000,0.000000,1500.000000,0.000000
6.863658,1571796394.331979,0.000000,0.000000,1500.000000,0.000000,1500.000000,0.000000
6.869448,1571796394.337745,0.000000,0.000000,1500.000000,0.000000,1500.000000,0.000000
6.886239,1571796394.354547,0.000000,0.000000,1500.000000,0.000000,1500.000000,0.000000
6.909045,1571796394.377349,0.000000,0.000000,1500.000000,0.000000,1500.000000,0.000000
6.920335,1571796394.388674,0.000000,0.000000,1500.000000,0.000000,1500.000000,0.000000
6.933984,1571796394.402345,0.000000,0.000000,1500.000000,0.000000,1500.000000,0.000000
6.949449,1571796394.417758,0.000000,0.000000,1500.000000,0.000000,1500.000000,0.000000
6.966984,1571796394.435289,0.000000,0.000000,1500.000000,0.000000,1500.000000,0.000000
6.985057,1571796394.453388,0.000000,0.000000,1500.000000,0.000000,1500.000000,0.000000
7.009477,1571796394.477813,0.000000,0.000000,1500.000000,0.000000,1500.000000,0.000000
7.028498,1571796394.496878,0.000000,0.000000,1500.000000,0.000000,1500.000000,0.000000
7.046674,1571796394.515011,0.000000,0.000000,1500.000000,0.000000,1500.000000,0.000000
7.057772,1571796394.526096,0.000000,0.000000,1500.000000,0.000000,1500.000000,0.000000
7.068820,1571796394.537281,0.000000,0.000000,1500.000000,0.000000,1500.000000,0.000000
7.081118,1571796394.549427,0.000000,0.000000,1500.000000,0.000000,1500.000000,0.000000
7.095042,1571796394.563353,0.000000,0.000000,1500.000000,0.000000,1500.000000,0.000000
7.109784,1571796394.578099,0.000000,0.000000,1500.000000,0.000000,1500.000000,0.000000
7.130401,1571796394.598804,0.000000,0.000000,1500.000000,0.000000,1500.000000,0.000000
7.145285,1571796394.613585,0.000000,0.000000,1500.000000,0.000000,1500.000000,0.000000
7.154958,1571796394.623258,0.000000,0.000000,1500.000000,0.000000,1500.000000,0.000000
7.164152,1571796394.632450,0.000000,0.000000,1500.000000,0.000000,1500.000000,0.000000
7.178203,1571796394.646510,0.000000,0.000000,1500.000000,0.000000,1500.000000,0.000000
7.208174,1571796394.676900,0.000000,0.000000,1500.000000,0.000000,1500.000000,0.000000
7.226225,1571796394.694564,0.000000,0.000000,1500.000000,0.000000,1500.000000,0.000000
7.261331,1571796394.729637,0.000000,0.000000,1500.000000,0.000000,1500.000000,0.000000
7.271406,1571796394.739713,0.000000,0.000000,1500.000000,0.000000,1500.000000,0.000000
7.287464,1571796394.755774,0.000000,0.000000,1500.000000,0.000000,1500.000000,0.000000
7.301251,1571796394.769556,0.000000,0.000000,1500.000000,0.000000,1500.000000,0.000000
7.311156,1571796394.779506,0.000000,0.000000,1500.000000,0.000000,1500.000000,0.000000
7.323799,1571796394.792161,0.000000,0.000000,1500.000000,0.000000,1500.000000,0.000000
7.333471,1571796394.801813,0.000000,0.000000,1500.000000,0.000000,1500.000000,0.000000
7.350684,1571796394.819006,0.000000,0.000000,1500.000000,0.000000,1500.000000,0.000000
7.368253,1571796394.836566,0.000000,0.000000,1500.000000,0.000000,1500.000000,0.000000
7.380106,1571796394.848424,0.000000,0.000000,1500.000000,0.000000,1500.000000,0.000000
7.391778,1571796394.860088,0.000000,0.000000,1500.000000,0.000000,1500.000000,0.000000
7.412514,1571796394.880874,0.000000,0.000000,1500.000000,0.000000,1500.000000,0.000000
7.422364,1571796394.890664,0.000000,0.000000,1500.000000,0.000000,1500.000000,0.000000
7.435504,1571796394.903859,0.000000,0.000000,1500.000000,0.000000,1500.000000,0.000000
7.453039,1571796394.921546,0.000000,0.000000,1500.000000,0.000000,1500.000000,0.000000
7.467128,1571796394.935460,0.000000,0.000000,1500.000000,0.000000,1500.000000,0.000000
7.481171,1571796394.949477,0.000000,0.000000,1500.000000,0.000000,1500.000000,0.000000
7.495693,1571796394.963997,0.000000,0.000000,1500.000000,0.000000,1500.000000,0.000000
7.509001,1571796394.977308,0.000000,0.000000,1435.000000,-500.000000,1498.000000,0.000000
7.525122,1571796394.993441,0.000000,0.000000,1429.000000,1000.000000,1504.000000,0.000000
7.542667,1571796395.010976,0.000000,0.000000,1435.000000,-750.000000,1497.000000,0.000000
7.574696,1571796395.043069,0.000000,0.000000,1435.000000,-500.000000,1498.000000,0.000000
7.589492,1571796395.057800,0.000000,0.000000,1429.000000,750.000000,1503.000000,0.000000
7.603173,1571796395.071486,0.000000,0.000000,1429.000000,750.000000,1503.000000,0.000000
7.620265,1571796395.088570,0.000000,0.000000,1435.000000,-750.000000,1497.000000,0.000000
7.633857,1571796395.102154,0.000000,0.000000,1435.000000,-750.000000,1497.000000,0.000000
7.643271,1571796395.111583,0.000000,0.000000,1429.000000,750.000000,1503.000000,0.000000
7.652514,1571796395.120906,0.000000,0.000000,1429.000000,750.000000,1503.000000,0.000000
7.667522,1571796395.135826,0.000000,0.000000,1429.000000,750.000000,1503.000000,0.000000
7.678390,1571796395.146690,0.000000,0.000000,1435.000000,-750.000000,1497.000000,0.000000
7.688683,1571796395.157023,0.000000,0.000000,1435.000000,-750.000000,1497.000000,0.000000
7.702438,1571796395.170769,0.000000,0.000000,1435.000000,-750.000000,1497.000000,0.000000
7.712997,1571796395.181311,0.000000,0.000000,1435.000000,-750.000000,1497.000000,0.000000
7.724370,1571796395.192685,0.000000,0.000000,1428.000000,1000.000000,1504.000000,0.000000
7.735404,1571796395.203728,0.000000,0.000000,1428.000000,1000.000000,1504.000000,0.000000
7.745718,1571796395.214056,0.000000,0.000000,1435.000000,750.000000,1503.000000,0.000000
7.758150,1571796395.226519,0.000000,0.000000,1435.000000,750.000000,1503.000000,0.000000
7.774016,1571796395.242356,0.000000,0.000000,1435.000000,-750.000000,1497.000000,0.000000
7.784371,1571796395.252676,0.000000,0.000000,1429.000000,1000.000000,1504.000000,0.000000
7.794165,1571796395.262465,0.000000,0.000000,1429.000000,1000.000000,1504.000000,0.000000
7.804387,1571796395.272715,0.000000,0.000000,1429.000000,1000.000000,1504.000000,0.000000
7.820419,1571796395.288749,0.000000,0.000000,1429.000000,1000.000000,1504.000000,0.000000
7.829921,1571796395.298217,0.000000,0.000000,1435.000000,-750.000000,1497.000000,0.000000
7.841138,1571796395.309449,0.000000,0.000000,1435.000000,-750.000000,1497.000000,0.000000
7.858642,1571796395.326945,0.000000,0.000000,1435.000000,-500.000000,1498.000000,0.000000
7.869300,1571796395.337599,0.000000,0.000000,1429.000000,750.000000,1503.000000,0.000000
7.879150,1571796395.347472,0.000000,0.000000,1429.000000,750.000000,1503.000000,0.000000
7.892867,1571796395.361201,0.000000,0.000000,1435.000000,-500.000000,1498.000000,0.000000
7.903401,1571796395.371720,0.000000,0.000000,1435.000000,-750.000000,1497.000000,0.000000
7.921742,1571796395.390052,0.000000,0.000000,1435.000000,-750.000000,1497.000000,0.000000
7.930856,1571796395.399151,0.000000,0.000000,1428.000000,1000.000000,1504.000000,0.000000
7.940568,1571796395.408939,0.000000,0.000000,1435.000000,1000.000000,1504.000000,0.000000
7.954078,1571796395.422412,0.000000,0.000000,1435.000000,1000.000000,1504.000000,0.000000
7.968162,1571796395.436462,0.000000,0.000000,1435.000000,-500.000000,1498.000000,0.000000
7.977700,1571796395.446045,0.000000,0.000000,1435.000000,-500.000000,1498.000000,0.000000
7.991615,1571796395.459949,0.000000,0.000000,1429.000000,1000.000000,1504.000000,0.000000
8.018393,1571796395.486746,0.000000,0.000000,1429.000000,1000.000000,1504.000000,0.000000
8.030491,1571796395.498797,0.000000,0.000000,1435.000000,-500.000000,1498.000000,0.000000
8.043134,1571796395.511478,0.000000,0.000000,1435.000000,-750.000000,1497.000000,0.000000
8.055804,1571796395.524110,0.000000,0.000000,1435.000000,-750.000000,1497.000000,0.000000
8.065628,1571796395.533929,0.000000,0.000000,1429.000000,1000.000000,1504.000000,0.000000
8.077547,1571796395.545876,0.000000,0.000000,1429.000000,1000.000000,1504.000000,0.000000
8.090076,1571796395.558381,0.000000,0.000000,1435.000000,1000.000000,1504.000000,0.000000
8.114253,1571796395.582557,0.000000,0.000000,1435.000000,-500.000000,1498.000000,0.000000
8.131244,1571796395.599567,0.000000,0.000000,1429.000000,1000.000000,1504.000000,0.000000
8.141429,1571796395.609746,0.000000,0.000000,1429.000000,1000.000000,1504.000000,0.000000
8.152850,1571796395.621152,0.000000,0.000000,1435.000000,1000.000000,1504.000000,0.000000
8.163037,1571796395.631369,0.000000,0.000000,1435.000000,-500.000000,1498.000000,0.000000
8.175323,1571796395.643629,0.000000,0.000000,1435.000000,-500.000000,1498.000000,0.000000
8.194374,1571796395.662679,0.000000,0.000000,1428.000000,-500.000000,1498.000000,0.000000
8.204234,1571796395.672563,0.000000,0.000000,1429.000000,1000.000000,1504.000000,0.000000
8.216455,1571796395.684762,0.000000,0.000000,1429.000000,1000.000000,1504.000000,0.000000
8.230394,1571796395.698723,0.000000,0.000000,1435.000000,-500.000000,1498.000000,0.000000
8.242986,1571796395.711565,0.000000,0.000000,1435.000000,-500.000000,1498.000000,0.000000
8.257329,1571796395.725630,0.000000,0.000000,1435.000000,-500.000000,1498.000000,0.000000
8.273767,1571796395.742103,0.000000,0.000000,1429.000000,1000.000000,1504.000000,0.000000
8.286767,1571796395.755143,0.000000,0.000000,1435.000000,1000.000000,1504.000000,0.000000
8.297102,1571796395.765427,0.000000,0.000000,1435.000000,1000.000000,1504.000000,0.000000
8.312695,1571796395.781047,0.000000,0.000000,1435.000000,-500.000000,1498.000000,0.000000
8.327903,1571796395.796215,0.000000,0.000000,1435.000000,-500.000000,1498.000000,0.000000
8.348052,1571796395.816355,0.000000,0.000000,1429.000000,1000.000000,1504.000000,0.000000
8.357989,1571796395.826352,0.000000,0.000000,1429.000000,1000.000000,1504.000000,0.000000
8.365155,1571796395.833478,0.000000,0.000000,1429.000000,1000.000000,1504.000000,0.000000
8.387771,1571796395.856082,0.000000,0.000000,1435.000000,-500.000000,1498.000000,0.000000
8.407901,1571796395.876213,0.000000,0.000000,1435.000000,-500.000000,1498.000000,0.000000
8.420594,1571796395.888963,0.000000,0.000000,1429.000000,1000.000000,1504.000000,0.000000
8.434484,1571796395.902803,0.000000,0.000000,1435.000000,-500.000000,1498.000000,0.000000
8.448312,1571796395.916638,0.000000,0.000000,1435.000000,-500.000000,1498.000000,0.000000
8.464872,1571796395.933182,0.000000,0.000000,1435.000000,-500.000000,1498.000000,0.000000
8.478358,1571796395.946664,0.000000,0.000000,1429.000000,1000.000000,1504.000000,0.000000
8.488798,1571796395.957107,0.000000,0.000000,1435.000000,1000.000000,1504.000000,0.000000
8.498446,1571796395.966750,0.000000,0.000000,1435.000000,1000.000000,1504.000000,0.000000
8.509715,1571796395.978022,0.000000,0.000000,1435.000000,-500.000000,1498.000000,0.000000
8.521689,1571796395.989994,0.000000,0.000000,1435.000000,-500.000000,1498.000000,0.000000
8.535142,1571796396.003466,0.000000,0.000000,1429.000000,750.000000,1503.000000,0.000000
8.554772,1571796396.023090,0.000000,0.000000,1429.000000,0.000000,1500.000000,0.000000
8.569645,1571796396.038256,0.000000,0.000000,1429.000000,0.000000,1500.000000,0.000000
8.580973,1571796396.049312,0.000000,0.000000,1435.000000,-3000.000000,1488.000000,0.000000
8.603598,1571796396.071924,0.000000,0.000000,1435.000000,-3750.000000,1485.000000,0.354000
8.614157,1571796396.082479,0.000000,0.000000,1429.000000,-2750.000000,1489.000000,0.238000
8.624663,1571796396.092970,-0.723800,-157.000000,1429.000000,-2750.000000,1489.000000,0.119000
8.637210,1571796396.105527,-1.766372,-193.000000,1435.000000,-4750.000000,1481.000000,0.357000
8.648847,1571796396.117165,-2.829128,-241.000000,1435.000000,-8000.000000,1468.000000,0.714000
8.658907,1571796396.127208,-2.733527,-291.000000,1435.000000,-8000.000000,1468.000000,0.833000
8.668985,1571796396.137288,-1.650324,-482.000000,1429.000000,-7750.000000,1469.000000,0.833000
8.674699,1571796396.142997,-1.177582,-579.000000,1429.000000,-7750.000000,1469.000000,0.714000
8.699288,1571796396.167629,-0.922625,-739.000000,1435.000000,-8750.000000,1465.000000,0.714000
8.721280,1571796396.189613,-1.574642,-866.000000,1435.000000,-10750.000000,1457.000000,1.428000
8.731469,1571796396.199772,-1.458318,-1013.000000,1430.000000,-9250.000000,1463.000000,1.547000
8.741540,1571796396.209898,-2.147947,-1111.000000,1430.000000,-9250.000000,1463.000000,2.499000
8.761285,1571796396.229630,-1.471040,-1149.000000,1429.000000,-9250.000000,1463.000000,1.770000
8.779663,1571796396.252324,-1.668401,-1226.000000,1435.000000,-11000.000000,1456.000000,2.142000
8.797406,1571796396.265737,-1.521120,-1270.000000,1435.000000,-11250.000000,1455.000000,2.023000
8.825879,1571796396.294186,-1.500704,-1363.000000,1429.000000,-10250.000000,1459.000000,2.142000
8.847311,1571796396.315625,-1.281050,-1508.000000,1435.000000,-10250.000000,1459.000000,2.023000
8.861316,1571796396.329632,-1.619201,-1531.000000,1435.000000,-11750.000000,1453.000000,2.596000
8.871856,1571796396.340282,-2.592939,-1521.000000,1429.000000,-10250.000000,1459.000000,4.130000
8.884404,1571796396.352725,-2.188125,-1558.000000,1429.000000,-10250.000000,1459.000000,3.570000
8.891613,1571796396.359919,-1.280474,-1584.000000,1429.000000,-10250.000000,1459.000000,2.124000
8.908901,1571796396.377204,-1.080196,-1578.000000,1429.000000,-10250.000000,1459.000000,1.785000
8.929081,1571796396.397390,-1.278053,-1587.000000,1435.000000,-12000.000000,1452.000000,2.124000
8.939282,1571796396.407587,-1.107974,-1641.000000,1435.000000,-12250.000000,1451.000000,1.904000
8.948682,1571796396.416994,-0.849986,-1738.000000,1429.000000,-10500.000000,1458.000000,1.547000
8.955777,1571796396.424083,-0.696348,-1780.000000,1429.000000,-10500.000000,1458.000000,1.298000
8.967758,1571796396.436063,-0.251241,-1794.000000,1429.000000,-10500.000000,1458.000000,0.472000
8.983115,1571796396.451427,-0.377530,-1806.000000,1435.000000,-10750.000000,1457.000000,0.714000
8.994524,1571796396.462829,-0.434913,-1829.000000,1435.000000,-12500.000000,1450.000000,0.833000
9.006514,1571796396.474818,-1.045925,-1847.000000,1435.000000,-12500.000000,1450.000000,2.023000
9.022333,1571796396.490653,-0.790833,-1868.000000,1429.000000,-11750.000000,1453.000000,1.547000
9.053163,1571796396.521494,-0.833812,-1908.000000,1435.000000,-12500.000000,1450.000000,1.666000
9.071137,1571796396.539445,-0.871892,-1955.000000,1435.000000,-15000.000000,1440.000000,1.785000
9.084776,1571796396.553089,-1.206567,-2072.000000,1429.000000,-14000.000000,1444.000000,2.618000
9.092226,1571796396.560537,-0.577902,-2163.000000,1429.000000,-14000.000000,1444.000000,1.309000
9.115538,1571796396.583849,-0.657478,-2228.000000,1429.000000,-15000.000000,1440.000000,1.534000
9.130412,1571796396.598724,-1.023753,-2331.000000,1435.000000,-17750.000000,1429.000000,2.499000
9.142366,1571796396.610682,-1.280012,-2397.000000,1435.000000,-19500.000000,1422.000000,3.213000
9.164443,1571796396.632801,-2.859020,-2483.000000,1429.000000,-19000.000000,1424.000000,7.434000
9.179692,1571796396.648018,-1.692289,-2730.000000,1435.000000,-20500.000000,1418.000000,4.838000
9.186349,1571796396.654707,-1.034145,-2857.000000,1435.000000,-20500.000000,1418.000000,3.094000
9.206725,1571796396.675033,-1.411398,-2979.000000,1435.000000,-23750.000000,1405.000000,4.403000
9.212763,1571796396.681070,-2.934797,-3110.000000,1435.000000,-23750.000000,1405.000000,9.558000
9.234561,1571796396.702905,-1.946984,-3241.000000,1429.000000,-25250.000000,1399.000000,6.608000
9.244754,1571796396.713070,-1.397990,-3414.000000,1429.000000,-25250.000000,1399.000000,4.998000
9.258986,1571796396.727291,-1.585280,-3554.000000,1435.000000,-27250.000000,1391.000000,5.900000
9.285466,1571796396.753905,-1.750622,-3862.000000,1435.000000,-27500.000000,1390.000000,7.080000
9.298079,1571796396.766419,-1.679773,-4059.000000,1435.000000,-27500.000000,1390.000000,7.140000
9.315372,1571796396.783676,-1.454811,-4260.000000,1435.000000,-31250.000000,1375.000000,6.490000
9.325222,1571796396.793531,-1.496231,-4368.000000,1435.000000,-31250.000000,1375.000000,6.844000
9.337478,1571796396.805794,-3.136832,-4637.000000,1435.000000,-32500.000000,1370.000000,15.232000
9.349246,1571796396.817574,-2.079774,-4822.000000,1435.000000,-32500.000000,1370.000000,10.502000
9.360413,1571796396.828720,-2.016624,-4973.000000,1429.000000,-32000.000000,1372.000000,10.502000
9.369606,1571796396.837908,-1.266084,-5116.000000,1429.000000,-32000.000000,1372.000000,6.783000
9.381852,1571796396.850165,-1.448796,-5211.000000,1435.000000,-33750.000000,1365.000000,7.906000
9.397453,1571796396.865777,-1.792900,-5405.000000,1435.000000,-37000.000000,1352.000000,10.148000
9.407343,1571796396.875665,-3.232923,-5507.000000,1435.000000,-37000.000000,1352.000000,18.644000
9.424267,1571796396.892581,-1.405552,-5692.000000,1429.000000,-36500.000000,1354.000000,8.378000
9.436400,1571796396.904708,-1.259449,-5955.000000,1429.000000,-37250.000000,1351.000000,7.854000
9.446082,1571796396.914379,-1.970350,-6062.000000,1429.000000,-37250.000000,1351.000000,12.508000
9.456139,1571796396.924441,-1.353424,-6161.000000,1435.000000,-39000.000000,1344.000000,8.732000
9.465598,1571796396.933908,-1.006729,-6268.000000,1435.000000,-39000.000000,1344.000000,6.608000
9.475981,1571796396.944290,-1.147651,-6382.000000,1435.000000,-38250.000000,1347.000000,7.670000
9.486319,1571796396.954620,-1.698421,-6490.000000,1435.000000,-38250.000000,1347.000000,11.543000
9.496943,1571796396.965242,-1.356576,-6562.000000,1429.000000,-39250.000000,1343.000000,9.322000
9.507231,1571796396.975553,-0.665840,-6656.000000,1429.000000,-39250.000000,1343.000000,4.641000
9.519842,1571796396.988156,-1.325472,-6801.000000,1435.000000,-39750.000000,1341.000000,9.440000
9.531811,1571796397.000112,-1.816648,-6823.000000,1435.000000,-39750.000000,1341.000000,12.980000
9.544727,1571796397.013060,-1.207595,-6905.000000,1435.000000,-41750.000000,1333.000000,8.732000
9.558629,1571796397.026941,-1.126658,-7101.000000,1429.000000,-40500.000000,1338.000000,8.378000
9.571916,1571796397.040269,-1.653148,-7157.000000,1429.000000,-40500.000000,1338.000000,12.390000
9.586902,1571796397.055240,-0.839748,-7246.000000,1435.000000,-41000.000000,1336.000000,6.372000
9.597599,1571796397.065908,-0.981776,-7292.000000,1435.000000,-43500.000000,1326.000000,7.497000
9.610011,1571796397.078333,-1.659042,-7329.000000,1435.000000,-43500.000000,1326.000000,12.733000
9.625406,1571796397.093707,-1.207437,-7435.000000,1429.000000,-44250.000000,1323.000000,9.401000
9.634465,1571796397.102760,-1.184183,-7581.000000,1429.000000,-45500.000000,1318.000000,9.401000
9.645670,1571796397.114016,-1.886379,-7646.000000,1429.000000,-45500.000000,1318.000000,15.104000
9.656375,1571796397.124682,-1.292688,-7758.000000,1435.000000,-48250.000000,1307.000000,10.502000
9.667168,1571796397.135483,-1.052592,-7881.000000,1435.000000,-48250.000000,1307.000000,8.687000
9.677197,1571796397.145545,-1.940932,-8021.000000,1435.000000,-47750.000000,1309.000000,16.303000
9.696820,1571796397.165156,-1.690503,-8132.000000,1435.000000,-47750.000000,1309.000000,14.396000
9.706561,1571796397.174857,-1.193547,-8308.000000,1429.000000,-49000.000000,1304.000000,10.384000
9.718460,1571796397.186760,-2.062394,-8414.000000,1435.000000,-50500.000000,1298.000000,18.172000
9.729206,1571796397.197540,-0.830092,-8552.000000,1435.000000,-50500.000000,1298.000000,7.434000
9.742482,1571796397.210798,-1.572061,-8673.000000,1435.000000,-53250.000000,1287.000000,14.278000
9.755785,1571796397.224123,-1.473885,-8792.000000,1435.000000,-53250.000000,1287.000000,13.570000
