Rel_time,Abs_time,tau,rpm,steering PWM,DutyCycle,Radio_Throttle_PWM,P_motor,
0.077539,1571878142.852893,0.000000,0.000000,1500.000000,0.000000,1500.000000,0.000000
0.092460,1571878142.865986,15.640590,330.000000,1500.000000,0.000000,1500.000000,5.405000
0.101817,1571878142.875342,-1.036009,954.000000,1500.000000,0.000000,1500.000000,-1.035000
0.112253,1571878142.885815,-0.311628,1048.000000,1500.000000,0.000000,1500.000000,-0.342000
0.123399,1571878142.896986,0.000000,967.000000,1500.000000,0.000000,1500.000000,0.000000
0.134190,1571878142.907717,0.000000,819.000000,1500.000000,0.000000,1500.000000,0.000000
0.151729,1571878142.925254,0.000000,638.000000,1500.000000,0.000000,1500.000000,0.000000
0.161292,1571878142.934817,0.000000,534.000000,1500.000000,0.000000,1500.000000,0.000000
0.178990,1571878142.952546,0.000000,459.000000,1500.000000,0.000000,1500.000000,0.000000
0.196613,1571878142.970137,0.000000,389.000000,1500.000000,0.000000,1500.000000,0.000000
0.214529,1571878142.988112,0.000000,244.000000,1500.000000,0.000000,1500.000000,0.000000
0.227861,1571878143.001412,0.000000,206.000000,1500.000000,0.000000,1500.000000,0.000000
0.245807,1571878143.019359,0.000000,152.000000,1500.000000,0.000000,1500.000000,0.000000
0.260988,1571878143.034570,0.000000,128.000000,1500.000000,0.000000,1500.000000,0.000000
0.272353,1571878143.045880,0.000000,105.000000,1500.000000,0.000000,1500.000000,0.000000
0.290186,1571878143.063738,0.000000,20.000000,1500.000000,0.000000,1500.000000,0.000000
0.311094,1571878143.084633,0.000000,13.000000,1500.000000,0.000000,1500.000000,0.000000
0.335960,1571878143.109492,0.000000,11.000000,1500.000000,0.000000,1500.000000,0.000000
0.351418,1571878143.124948,0.000000,8.000000,1500.000000,0.000000,1500.000000,0.000000
0.374887,1571878143.148437,0.000000,5.000000,1500.000000,0.000000,1500.000000,0.000000
0.390827,1571878143.164377,0.000000,4.000000,1500.000000,0.000000,1500.000000,0.000000
0.401139,1571878143.174669,0.000000,3.000000,1500.000000,0.000000,1500.000000,0.000000
0.411029,1571878143.184593,0.000000,2.000000,1500.000000,0.000000,1500.000000,0.000000
0.446049,1571878143.219575,0.000000,2.000000,1500.000000,0.000000,1500.000000,0.000000
0.460577,1571878143.234132,0.000000,1.000000,1500.000000,0.000000,1500.000000,0.000000
0.480644,1571878143.254255,0.000000,1.000000,1500.000000,0.000000,1500.000000,0.000000
0.514730,1571878143.288591,0.000000,0.000000,1500.000000,0.000000,1500.000000,0.000000
0.529518,1571878143.303073,0.000000,0.000000,1500.000000,0.000000,1500.000000,0.000000
0.564642,1571878143.338291,0.000000,0.000000,1500.000000,0.000000,1500.000000,0.000000
0.581745,1571878143.355298,0.000000,0.000000,1500.000000,0.000000,1500.000000,0.000000
0.596031,1571878143.369600,0.000000,0.000000,1500.000000,0.000000,1500.000000,0.000000
0.610002,1571878143.383532,0.000000,0.000000,1500.000000,0.000000,1500.000000,0.000000
0.623652,1571878143.397282,0.000000,0.000000,1500.000000,0.000000,1500.000000,0.000000
0.656382,1571878143.429905,0.000000,0.000000,1500.000000,0.000000,1500.000000,0.000000
0.671128,1571878143.444666,0.000000,0.000000,1500.000000,0.000000,1500.000000,0.000000
0.691224,1571878143.464822,0.000000,0.000000,1500.000000,0.000000,1500.000000,0.000000
0.701095,1571878143.474622,0.000000,0.000000,1500.000000,0.000000,1500.000000,0.000000
0.714909,1571878143.488447,0.000000,0.000000,1500.000000,0.000000,1500.000000,0.000000
0.733210,1571878143.506760,0.000000,0.000000,1500.000000,0.000000,1500.000000,0.000000
0.741392,1571878143.514971,0.000000,0.000000,1500.000000,0.000000,1500.000000,0.000000
0.761961,1571878143.535502,0.000000,0.000000,1500.000000,0.000000,1500.000000,0.000000
0.784640,1571878143.558195,0.000000,0.000000,1500.000000,0.000000,1500.000000,0.000000
0.815313,1571878143.588883,0.000000,0.000000,1500.000000,0.000000,1500.000000,0.000000
0.842640,1571878143.616172,0.000000,0.000000,1500.000000,0.000000,1500.000000,0.000000
0.856412,1571878143.629956,0.000000,0.000000,1500.000000,0.000000,1500.000000,0.000000
0.870178,1571878143.643691,0.000000,0.000000,1500.000000,0.000000,1500.000000,0.000000
0.883307,1571878143.656852,0.000000,0.000000,1500.000000,0.000000,1500.000000,0.000000
0.917532,1571878143.691149,0.000000,0.000000,1500.000000,0.000000,1500.000000,0.000000
0.935431,1571878143.709008,0.000000,0.000000,1500.000000,0.000000,1500.000000,0.000000
0.959201,1571878143.732729,0.000000,0.000000,1500.000000,0.000000,1500.000000,0.000000
0.969999,1571878143.743540,0.000000,0.000000,1500.000000,0.000000,1500.000000,0.000000
0.992166,1571878143.765724,0.000000,0.000000,1500.000000,0.000000,1500.000000,0.000000
1.010867,1571878143.784436,0.000000,0.000000,1500.000000,0.000000,1500.000000,0.000000
1.053396,1571878143.826973,0.000000,0.000000,1500.000000,0.000000,1500.000000,0.000000
1.070413,1571878143.843940,0.000000,0.000000,1500.000000,0.000000,1500.000000,0.000000
1.086567,1571878143.860099,0.000000,0.000000,1500.000000,0.000000,1500.000000,0.000000
1.099583,1571878143.873115,0.000000,0.000000,1500.000000,0.000000,1500.000000,0.000000
1.114423,1571878143.887948,0.000000,0.000000,1500.000000,0.000000,1500.000000,0.000000
1.129536,1571878143.903071,0.000000,0.000000,1500.000000,0.000000,1500.000000,0.000000
1.147634,1571878143.921190,0.000000,0.000000,1500.000000,0.000000,1500.000000,0.000000
1.163674,1571878143.937217,0.000000,0.000000,1500.000000,0.000000,1500.000000,0.000000
1.174010,1571878143.947544,0.000000,0.000000,1500.000000,0.000000,1500.000000,0.000000
1.190542,1571878143.964079,0.000000,0.000000,1500.000000,0.000000,1500.000000,0.000000
1.208949,1571878143.982485,0.000000,0.000000,1500.000000,0.000000,1500.000000,0.000000
1.240348,1571878144.013882,0.000000,0.000000,1500.000000,0.000000,1500.000000,0.000000
1.268055,1571878144.041609,0.000000,0.000000,1500.000000,0.000000,1500.000000,0.000000
1.281139,1571878144.054714,0.000000,0.000000,1500.000000,0.000000,1500.000000,0.000000
1.292119,1571878144.065643,0.000000,0.000000,1500.000000,0.000000,1500.000000,0.000000
1.312677,1571878144.086299,0.000000,0.000000,1500.000000,0.000000,1500.000000,0.000000
1.323677,1571878144.097207,0.000000,0.000000,1500.000000,0.000000,1500.000000,0.000000
1.335315,1571878144.108867,0.000000,0.000000,1500.000000,0.000000,1500.000000,0.000000
1.353160,1571878144.126714,0.000000,0.000000,1500.000000,0.000000,1500.000000,0.000000
1.374208,1571878144.147733,0.000000,0.000000,1500.000000,0.000000,1500.000000,0.000000
1.383572,1571878144.157101,0.000000,0.000000,1500.000000,0.000000,1500.000000,0.000000
1.393168,1571878144.166710,0.000000,0.000000,1500.000000,0.000000,1500.000000,0.000000
1.425012,1571878144.198650,0.000000,0.000000,1500.000000,0.000000,1500.000000,0.000000
1.449187,1571878144.222724,0.000000,0.000000,1500.000000,0.000000,1500.000000,0.000000
1.456356,1571878144.229883,0.000000,0.000000,1500.000000,0.000000,1500.000000,0.000000
1.480667,1571878144.254247,0.000000,0.000000,1500.000000,0.000000,1500.000000,0.000000
1.499465,1571878144.273021,0.000000,0.000000,1500.000000,0.000000,1500.000000,0.000000
1.522959,1571878144.296519,0.000000,0.000000,1500.000000,0.000000,1500.000000,0.000000
1.533019,1571878144.306546,0.000000,0.000000,1500.000000,0.000000,1500.000000,0.000000
1.545956,1571878144.319489,0.000000,0.000000,1500.000000,0.000000,1500.000000,0.000000
1.567723,1571878144.341253,0.000000,0.000000,1500.000000,0.000000,1500.000000,0.000000
1.577232,1571878144.350788,0.000000,0.000000,1500.000000,0.000000,1500.000000,0.000000
1.586968,1571878144.360541,0.000000,0.000000,1500.000000,0.000000,1500.000000,0.000000
1.598774,1571878144.372305,0.000000,0.000000,1500.000000,0.000000,1500.000000,0.000000
1.609363,1571878144.382909,0.000000,0.000000,1500.000000,0.000000,1500.000000,0.000000
1.617920,1571878144.391452,0.000000,0.000000,1500.000000,0.000000,1500.000000,0.000000
1.633399,1571878144.406931,0.000000,0.000000,1500.000000,0.000000,1500.000000,0.000000
1.644034,1571878144.417563,0.000000,0.000000,1500.000000,0.000000,1500.000000,0.000000
1.672136,1571878144.445708,0.000000,0.000000,1500.000000,0.000000,1500.000000,0.000000
1.689177,1571878144.462714,0.000000,0.000000,1500.000000,0.000000,1500.000000,0.000000
1.720491,1571878144.494045,0.000000,0.000000,1500.000000,0.000000,1500.000000,0.000000
1.742674,1571878144.516229,0.000000,0.000000,1500.000000,0.000000,1500.000000,0.000000
1.757613,1571878144.531146,0.000000,0.000000,1500.000000,0.000000,1500.000000,0.000000
1.767216,1571878144.540741,0.000000,0.000000,1500.000000,0.000000,1500.000000,0.000000
1.776608,1571878144.550132,0.000000,0.000000,1500.000000,0.000000,1500.000000,0.000000
1.785701,1571878144.559223,0.000000,0.000000,1500.000000,0.000000,1500.000000,0.000000
1.798939,1571878144.572486,0.000000,0.000000,1500.000000,0.000000,1500.000000,0.000000
1.809946,1571878144.583475,0.000000,0.000000,1500.000000,0.000000,1500.000000,0.000000
1.823912,1571878144.597467,0.000000,0.000000,1500.000000,0.000000,1500.000000,0.000000
1.834702,1571878144.608235,0.000000,0.000000,1500.000000,0.000000,1500.000000,0.000000
1.858516,1571878144.632055,0.000000,0.000000,1500.000000,0.000000,1500.000000,0.000000
1.870361,1571878144.643893,0.000000,0.000000,1500.000000,0.000000,1500.000000,0.000000
1.897981,1571878144.671534,0.000000,0.000000,1500.000000,0.000000,1500.000000,0.000000
1.908090,1571878144.681666,0.000000,0.000000,1500.000000,0.000000,1500.000000,0.000000
1.919854,1571878144.693391,0.000000,0.000000,1500.000000,0.000000,1500.000000,0.000000
1.931420,1571878144.704961,0.000000,0.000000,1500.000000,0.000000,1500.000000,0.000000
1.943620,1571878144.717144,0.000000,0.000000,1500.000000,0.000000,1500.000000,0.000000
1.957201,1571878144.730739,0.000000,0.000000,1500.000000,0.000000,1500.000000,0.000000
1.978014,1571878144.751542,0.000000,0.000000,1500.000000,0.000000,1500.000000,0.000000
2.000981,1571878144.774534,0.000000,0.000000,1500.000000,0.000000,1500.000000,0.000000
2.018081,1571878144.791610,0.000000,0.000000,1500.000000,0.000000,1500.000000,0.000000
2.028405,1571878144.801992,0.000000,0.000000,1500.000000,0.000000,1500.000000,0.000000
2.038931,1571878144.812507,0.000000,0.000000,1500.000000,0.000000,1500.000000,0.000000
2.049691,1571878144.823274,0.000000,0.000000,1500.000000,0.000000,1500.000000,0.000000
2.060188,1571878144.833760,0.000000,0.000000,1500.000000,0.000000,1500.000000,0.000000
2.073878,1571878144.847425,0.000000,0.000000,1500.000000,0.000000,1500.000000,0.000000
2.092524,1571878144.866086,0.000000,0.000000,1500.000000,0.000000,1500.000000,0.000000
2.099869,1571878144.873393,0.000000,0.000000,1500.000000,0.000000,1500.000000,0.000000
2.116435,1571878144.889983,0.000000,0.000000,1500.000000,0.000000,1500.000000,0.000000
2.133250,1571878144.906791,0.000000,0.000000,1500.000000,0.000000,1500.000000,0.000000
2.142298,1571878144.915817,0.000000,0.000000,1500.000000,0.000000,1500.000000,0.000000
2.152464,1571878144.926022,0.000000,0.000000,1500.000000,0.000000,1500.000000,0.000000
2.176651,1571878144.950381,0.000000,0.000000,1500.000000,0.000000,1500.000000,0.000000
2.188352,1571878144.961936,0.000000,0.000000,1500.000000,0.000000,1500.000000,0.000000
2.209249,1571878144.982791,0.000000,0.000000,1500.000000,0.000000,1500.000000,0.000000
2.218879,1571878144.992403,0.000000,0.000000,1500.000000,0.000000,1500.000000,0.000000
2.228677,1571878145.002325,0.000000,0.000000,1500.000000,0.000000,1500.000000,0.000000
2.240255,1571878145.013780,0.000000,0.000000,1500.000000,0.000000,1500.000000,0.000000
2.247609,1571878145.021164,0.000000,0.000000,1500.000000,0.000000,1500.000000,0.000000
2.266275,1571878145.039843,0.000000,0.000000,1500.000000,0.000000,1500.000000,0.000000
2.281007,1571878145.054534,0.000000,0.000000,1500.000000,0.000000,1500.000000,0.000000
2.297548,1571878145.071070,0.000000,0.000000,1500.000000,0.000000,1500.000000,0.000000
2.320312,1571878145.093974,0.000000,0.000000,1500.000000,0.000000,1500.000000,0.000000
2.335989,1571878145.109531,0.000000,0.000000,1500.000000,0.000000,1500.000000,0.000000
2.356219,1571878145.129763,0.000000,0.000000,1500.000000,0.000000,1500.000000,0.000000
2.370398,1571878145.143928,0.000000,0.000000,1500.000000,0.000000,1500.000000,0.000000
2.385271,1571878145.158828,0.000000,0.000000,1500.000000,0.000000,1500.000000,0.000000
2.396337,1571878145.169911,0.000000,0.000000,1500.000000,0.000000,1500.000000,0.000000
2.412129,1571878145.185685,0.000000,0.000000,1500.000000,0.000000,1500.000000,0.000000
2.422891,1571878145.196437,0.000000,0.000000,1500.000000,0.000000,1500.000000,0.000000
2.431983,1571878145.205509,0.000000,0.000000,1500.000000,0.000000,1500.000000,0.000000
2.440896,1571878145.214450,0.000000,0.000000,1500.000000,0.000000,1500.000000,0.000000
2.450434,1571878145.223961,0.000000,0.000000,1500.000000,0.000000,1500.000000,0.000000
2.460881,1571878145.234451,0.000000,0.000000,1500.000000,0.000000,1500.000000,0.000000
2.479517,1571878145.253055,0.000000,0.000000,1500.000000,0.000000,1500.000000,0.000000
2.496182,1571878145.269722,0.000000,0.000000,1500.000000,0.000000,1500.000000,0.000000
2.524583,1571878145.298143,0.000000,0.000000,1500.000000,0.000000,1500.000000,0.000000
2.538818,1571878145.312353,0.000000,0.000000,1500.000000,0.000000,1500.000000,0.000000
2.553241,1571878145.326773,0.000000,0.000000,1500.000000,0.000000,1500.000000,0.000000
2.564532,1571878145.338080,0.000000,0.000000,1500.000000,0.000000,1500.000000,0.000000
2.585144,1571878145.358682,0.000000,0.000000,1500.000000,0.000000,1500.000000,0.000000
2.598182,1571878145.371721,0.000000,0.000000,1500.000000,0.000000,1500.000000,0.000000
2.607758,1571878145.381323,0.000000,0.000000,1500.000000,0.000000,1500.000000,0.000000
2.620560,1571878145.394121,0.000000,0.000000,1500.000000,0.000000,1500.000000,0.000000
2.635826,1571878145.409377,0.000000,0.000000,1500.000000,0.000000,1500.000000,0.000000
2.655463,1571878145.428992,0.000000,0.000000,1500.000000,0.000000,1500.000000,0.000000
2.668747,1571878145.442283,0.000000,0.000000,1500.000000,0.000000,1500.000000,0.000000
2.682143,1571878145.455688,0.000000,0.000000,1500.000000,0.000000,1500.000000,0.000000
2.697392,1571878145.470937,0.000000,0.000000,1500.000000,0.000000,1500.000000,0.000000
2.716161,1571878145.489863,0.000000,0.000000,1500.000000,0.000000,1500.000000,0.000000
2.734561,1571878145.508112,0.000000,0.000000,1500.000000,0.000000,1500.000000,0.000000
2.746400,1571878145.519922,0.000000,0.000000,1500.000000,0.000000,1500.000000,0.000000
2.756253,1571878145.529781,0.000000,0.000000,1500.000000,0.000000,1500.000000,0.000000
2.771189,1571878145.544755,0.000000,0.000000,1500.000000,0.000000,1500.000000,0.000000
2.792022,1571878145.565552,0.000000,0.000000,1500.000000,0.000000,1500.000000,0.000000
2.802993,1571878145.576532,0.000000,0.000000,1500.000000,0.000000,1500.000000,0.000000
2.813989,1571878145.587529,0.000000,0.000000,1500.000000,0.000000,1500.000000,0.000000
2.832997,1571878145.606526,0.000000,0.000000,1500.000000,0.000000,1500.000000,0.000000
2.849183,1571878145.622716,0.000000,0.000000,1500.000000,0.000000,1500.000000,0.000000
2.861426,1571878145.634967,0.000000,0.000000,1500.000000,0.000000,1500.000000,0.000000
2.879161,1571878145.652701,0.000000,0.000000,1500.000000,0.000000,1500.000000,0.000000
2.892389,1571878145.665939,0.000000,0.000000,1500.000000,0.000000,1500.000000,0.000000
2.914893,1571878145.688422,0.000000,0.000000,1500.000000,0.000000,1500.000000,0.000000
2.925217,1571878145.698742,0.000000,0.000000,1500.000000,0.000000,1500.000000,0.000000
2.935648,1571878145.709176,0.000000,0.000000,1500.000000,0.000000,1500.000000,0.000000
2.946379,1571878145.719919,0.000000,0.000000,1500.000000,0.000000,1500.000000,0.000000
2.971773,1571878145.745308,0.000000,0.000000,1500.000000,0.000000,1500.000000,0.000000
2.991829,1571878145.765372,0.000000,0.000000,1500.000000,0.000000,1500.000000,0.000000
3.006856,1571878145.780389,0.000000,0.000000,1500.000000,0.000000,1500.000000,0.000000
3.017971,1571878145.791504,0.000000,0.000000,1500.000000,0.000000,1500.000000,0.000000
3.030360,1571878145.803885,0.000000,0.000000,1500.000000,0.000000,1500.000000,0.000000
3.043701,1571878145.817227,0.000000,0.000000,1500.000000,0.000000,1500.000000,0.000000
3.053562,1571878145.827096,0.000000,0.000000,1500.000000,0.000000,1500.000000,0.000000
3.063679,1571878145.837218,0.000000,0.000000,1500.000000,0.000000,1500.000000,0.000000
3.078575,1571878145.852113,0.000000,0.000000,1500.000000,0.000000,1500.000000,0.000000
3.095970,1571878145.869501,0.000000,0.000000,1500.000000,0.000000,1500.000000,0.000000
3.106557,1571878145.880088,0.000000,0.000000,1500.000000,0.000000,1500.000000,0.000000
3.115822,1571878145.889344,0.000000,0.000000,1500.000000,0.000000,1500.000000,0.000000
3.126919,1571878145.900490,0.000000,0.000000,1500.000000,0.000000,1500.000000,0.000000
3.138630,1571878145.912161,0.000000,0.000000,1500.000000,0.000000,1500.000000,0.000000
3.150539,1571878145.924088,0.000000,0.000000,1500.000000,0.000000,1500.000000,0.000000
3.159734,1571878145.933273,0.000000,0.000000,1500.000000,0.000000,1500.000000,0.000000
3.170032,1571878145.943583,0.000000,0.000000,1500.000000,0.000000,1500.000000,0.000000
3.184747,1571878145.958283,0.000000,0.000000,1500.000000,0.000000,1500.000000,0.000000
3.200542,1571878145.974094,0.000000,0.000000,1500.000000,0.000000,1500.000000,0.000000
3.212396,1571878145.985929,0.000000,0.000000,1500.000000,0.000000,1500.000000,0.000000
3.234479,1571878146.008009,0.000000,0.000000,1500.000000,0.000000,1500.000000,0.000000
3.248967,1571878146.022490,0.000000,0.000000,1500.000000,0.000000,1500.000000,0.000000
3.259674,1571878146.033222,0.000000,0.000000,1500.000000,0.000000,1500.000000,0.000000
3.277720,1571878146.051253,0.000000,0.000000,1500.000000,0.000000,1500.000000,0.000000
3.286904,1571878146.060450,0.000000,0.000000,1500.000000,0.000000,1500.000000,0.000000
3.297418,1571878146.070970,0.000000,0.000000,1500.000000,0.000000,1500.000000,0.000000
3.307335,1571878146.080860,0.000000,0.000000,1500.000000,0.000000,1500.000000,0.000000
3.319125,1571878146.092654,0.000000,0.000000,1500.000000,0.000000,1500.000000,0.000000
3.330322,1571878146.103849,0.000000,0.000000,1500.000000,0.000000,1500.000000,0.000000
3.339880,1571878146.113423,0.000000,0.000000,1500.000000,0.000000,1500.000000,0.000000
3.348893,1571878146.122407,0.000000,0.000000,1500.000000,0.000000,1500.000000,0.000000
3.357743,1571878146.131263,0.000000,0.000000,1500.000000,0.000000,1500.000000,0.000000
3.367472,1571878146.141000,0.000000,0.000000,1500.000000,0.000000,1500.000000,0.000000
3.377085,1571878146.150607,0.000000,0.000000,1500.000000,0.000000,1500.000000,0.000000
3.385758,1571878146.159273,0.000000,0.000000,1500.000000,0.000000,1500.000000,0.000000
3.395318,1571878146.168848,0.000000,0.000000,1500.000000,0.000000,1500.000000,0.000000
3.413152,1571878146.186680,0.000000,0.000000,1500.000000,0.000000,1500.000000,0.000000
3.432152,1571878146.205681,0.000000,0.000000,1500.000000,0.000000,1500.000000,0.000000
3.441089,1571878146.214609,0.000000,0.000000,1500.000000,0.000000,1500.000000,0.000000
3.450438,1571878146.223972,0.000000,0.000000,1500.000000,0.000000,1500.000000,0.000000
3.459905,1571878146.233429,0.000000,0.000000,1500.000000,0.000000,1500.000000,0.000000
3.468849,1571878146.242372,0.000000,0.000000,1500.000000,0.000000,1500.000000,0.000000
3.479035,1571878146.252559,0.000000,0.000000,1500.000000,0.000000,1500.000000,0.000000
3.487996,1571878146.261518,0.000000,0.000000,1500.000000,0.000000,1500.000000,0.000000
3.496979,1571878146.270502,0.000000,0.000000,1500.000000,0.000000,1500.000000,0.000000
3.506714,1571878146.280256,0.000000,0.000000,1500.000000,0.000000,1500.000000,0.000000
3.515598,1571878146.289119,0.000000,0.000000,1500.000000,0.000000,1500.000000,0.000000
3.524246,1571878146.297762,0.000000,0.000000,1500.000000,0.000000,1500.000000,0.000000
3.534143,1571878146.307677,0.000000,0.000000,1500.000000,0.000000,1500.000000,0.000000
3.543393,1571878146.316917,0.000000,0.000000,1500.000000,0.000000,1500.000000,0.000000
3.552175,1571878146.325695,0.000000,0.000000,1500.000000,0.000000,1500.000000,0.000000
3.561523,1571878146.335057,0.000000,0.000000,1500.000000,0.000000,1500.000000,0.000000
3.571202,1571878146.344727,0.000000,0.000000,1500.000000,0.000000,1500.000000,0.000000
3.585968,1571878146.359581,0.000000,0.000000,1500.000000,0.000000,1500.000000,0.000000
3.596476,1571878146.370014,0.000000,0.000000,1500.000000,0.000000,1500.000000,0.000000
3.609223,1571878146.382757,0.000000,0.000000,1500.000000,0.000000,1500.000000,0.000000
3.633917,1571878146.407480,0.000000,0.000000,1500.000000,0.000000,1500.000000,0.000000
3.649777,1571878146.423316,0.000000,0.000000,1500.000000,0.000000,1500.000000,0.000000
3.664299,1571878146.437855,0.000000,0.000000,1500.000000,0.000000,1500.000000,0.000000
3.682425,1571878146.455980,0.000000,0.000000,1500.000000,0.000000,1500.000000,0.000000
3.692158,1571878146.465687,0.000000,0.000000,1500.000000,0.000000,1500.000000,0.000000
3.703319,1571878146.476848,0.000000,0.000000,1500.000000,0.000000,1500.000000,0.000000
3.722551,1571878146.496203,0.000000,0.000000,1500.000000,0.000000,1500.000000,0.000000
3.736865,1571878146.510393,0.000000,0.000000,1500.000000,0.000000,1500.000000,0.000000
3.751055,1571878146.524576,0.000000,0.000000,1500.000000,0.000000,1500.000000,0.000000
3.760210,1571878146.533741,0.000000,0.000000,1500.000000,0.000000,1500.000000,0.000000
3.775067,1571878146.548655,0.000000,0.000000,1500.000000,0.000000,1500.000000,0.000000
3.784465,1571878146.558009,0.000000,0.000000,1500.000000,0.000000,1500.000000,0.000000
3.793965,1571878146.567497,0.000000,0.000000,1500.000000,0.000000,1500.000000,0.000000
3.812009,1571878146.585541,0.000000,0.000000,1500.000000,0.000000,1500.000000,0.000000
3.828793,1571878146.605297,0.000000,0.000000,1500.000000,0.000000,1500.000000,0.000000
3.841552,1571878146.615071,0.000000,0.000000,1500.000000,0.000000,1500.000000,0.000000
3.851149,1571878146.624675,0.000000,0.000000,1500.000000,0.000000,1500.000000,0.000000
3.861143,1571878146.634678,0.000000,0.000000,1500.000000,0.000000,1500.000000,0.000000
3.871123,1571878146.644668,0.000000,0.000000,1500.000000,0.000000,1500.000000,0.000000
3.880357,1571878146.653897,0.000000,0.000000,1500.000000,0.000000,1500.000000,0.000000
3.889529,1571878146.663078,0.000000,0.000000,1500.000000,0.000000,1500.000000,0.000000
3.900040,1571878146.673569,0.000000,0.000000,1500.000000,0.000000,1500.000000,0.000000
3.910211,1571878146.683734,0.000000,0.000000,1500.000000,0.000000,1500.000000,0.000000
3.919102,1571878146.692658,0.000000,0.000000,1500.000000,0.000000,1500.000000,0.000000
3.929017,1571878146.702542,0.000000,0.000000,1500.000000,0.000000,1500.000000,0.000000
3.938031,1571878146.711550,0.000000,0.000000,1500.000000,0.000000,1500.000000,0.000000
3.946832,1571878146.720349,0.000000,0.000000,1500.000000,0.000000,1500.000000,0.000000
3.956601,1571878146.730130,0.000000,0.000000,1500.000000,0.000000,1500.000000,0.000000
3.965757,1571878146.739279,0.000000,0.000000,1500.000000,0.000000,1500.000000,0.000000
3.974606,1571878146.748124,0.000000,0.000000,1500.000000,0.000000,1500.000000,0.000000
3.983563,1571878146.757093,0.000000,0.000000,1500.000000,0.000000,1500.000000,0.000000
3.993456,1571878146.766979,0.000000,0.000000,1500.000000,0.000000,1500.000000,0.000000
4.002721,1571878146.776238,0.000000,0.000000,1500.000000,0.000000,1500.000000,0.000000
4.011256,1571878146.784772,0.000000,0.000000,1500.000000,0.000000,1500.000000,0.000000
4.020885,1571878146.794415,0.000000,0.000000,1500.000000,0.000000,1500.000000,0.000000
4.029973,1571878146.803494,0.000000,0.000000,1500.000000,0.000000,1500.000000,0.000000
4.038575,1571878146.812094,0.000000,0.000000,1500.000000,0.000000,1500.000000,0.000000
4.047616,1571878146.821144,0.000000,0.000000,1500.000000,0.000000,1500.000000,0.000000
4.062731,1571878146.836262,0.000000,0.000000,1500.000000,0.000000,1500.000000,0.000000
4.073143,1571878146.846702,0.000000,0.000000,1500.000000,0.000000,1500.000000,0.000000
4.089541,1571878146.863078,0.000000,0.000000,1500.000000,0.000000,1500.000000,0.000000
4.102691,1571878146.876215,0.000000,0.000000,1500.000000,0.000000,1500.000000,0.000000
4.111724,1571878146.885250,0.000000,0.000000,1500.000000,0.000000,1500.000000,0.000000
4.121074,1571878146.894596,0.000000,0.000000,1500.000000,0.000000,1500.000000,0.000000
4.129941,1571878146.903459,0.000000,0.000000,1500.000000,0.000000,1500.000000,0.000000
4.138940,1571878146.912471,0.000000,0.000000,1500.000000,0.000000,1500.000000,0.000000
4.148285,1571878146.921816,0.000000,0.000000,1500.000000,0.000000,1500.000000,0.000000
4.157158,1571878146.930677,0.000000,0.000000,1500.000000,0.000000,1500.000000,0.000000
4.167270,1571878146.940794,0.000000,0.000000,1500.000000,0.000000,1500.000000,0.000000
4.177293,1571878146.950823,0.000000,0.000000,1500.000000,0.000000,1500.000000,0.000000
4.186697,1571878146.960222,0.000000,0.000000,1500.000000,0.000000,1500.000000,0.000000
4.195492,1571878146.969010,0.000000,0.000000,1500.000000,0.000000,1500.000000,0.000000
4.204579,1571878146.978109,0.000000,0.000000,1500.000000,0.000000,1500.000000,0.000000
4.215656,1571878146.989179,0.000000,0.000000,1500.000000,0.000000,1500.000000,0.000000
4.224486,1571878146.998007,0.000000,0.000000,1500.000000,0.000000,1500.000000,0.000000
4.233948,1571878147.007483,0.000000,0.000000,1500.000000,0.000000,1500.000000,0.000000
4.243715,1571878147.017241,0.000000,0.000000,1500.000000,0.000000,1500.000000,0.000000
4.253294,1571878147.026823,0.000000,0.000000,1500.000000,0.000000,1500.000000,0.000000
4.262875,1571878147.036427,0.000000,0.000000,1500.000000,0.000000,1500.000000,0.000000
4.273014,1571878147.046548,0.000000,0.000000,1500.000000,0.000000,1500.000000,0.000000
4.282531,1571878147.056056,0.000000,0.000000,1500.000000,0.000000,1500.000000,0.000000
4.291623,1571878147.065144,0.000000,0.000000,1500.000000,0.000000,1500.000000,0.000000
4.301361,1571878147.074898,0.000000,0.000000,1500.000000,0.000000,1500.000000,0.000000
4.310457,1571878147.083980,0.000000,0.000000,1500.000000,0.000000,1500.000000,0.000000
4.319089,1571878147.092605,0.000000,0.000000,1500.000000,0.000000,1500.000000,0.000000
4.328152,1571878147.101685,0.000000,0.000000,1500.000000,0.000000,1500.000000,0.000000
4.338162,1571878147.111687,0.000000,0.000000,1500.000000,0.000000,1500.000000,0.000000
4.346808,1571878147.120325,0.000000,0.000000,1500.000000,0.000000,1500.000000,0.000000
4.355276,1571878147.128792,0.000000,0.000000,1500.000000,0.000000,1500.000000,0.000000
4.364805,1571878147.138340,0.000000,0.000000,1500.000000,0.000000,1500.000000,0.000000
4.374387,1571878147.147914,0.000000,0.000000,1500.000000,0.000000,1500.000000,0.000000
4.383127,1571878147.156644,0.000000,0.000000,1500.000000,0.000000,1500.000000,0.000000
4.392356,1571878147.165913,0.000000,0.000000,1500.000000,0.000000,1500.000000,0.000000
4.402096,1571878147.175624,0.000000,0.000000,1500.000000,0.000000,1500.000000,0.000000
4.413389,1571878147.187052,0.000000,0.000000,1500.000000,0.000000,1500.000000,0.000000
4.441131,1571878147.214655,0.000000,0.000000,1500.000000,0.000000,1500.000000,0.000000
4.450058,1571878147.223576,0.000000,0.000000,1500.000000,0.000000,1500.000000,0.000000
4.459164,1571878147.232692,0.000000,0.000000,1500.000000,0.000000,1500.000000,0.000000
4.468568,1571878147.242090,0.000000,0.000000,1500.000000,0.000000,1500.000000,0.000000
4.477681,1571878147.251205,0.000000,0.000000,1500.000000,0.000000,1500.000000,0.000000
4.486421,1571878147.259941,0.000000,0.000000,1500.000000,0.000000,1500.000000,0.000000
4.501322,1571878147.274907,0.000000,0.000000,1500.000000,0.000000,1500.000000,0.000000
4.516843,1571878147.290370,0.000000,0.000000,1500.000000,0.000000,1500.000000,0.000000
4.529373,1571878147.302907,0.000000,0.000000,1500.000000,0.000000,1500.000000,0.000000
4.551543,1571878147.325131,0.000000,0.000000,1500.000000,0.000000,1500.000000,0.000000
4.564249,1571878147.337802,0.000000,0.000000,1500.000000,0.000000,1500.000000,0.000000
4.577176,1571878147.350725,0.000000,0.000000,1500.000000,0.000000,1500.000000,0.000000
4.589447,1571878147.362977,0.000000,0.000000,1500.000000,0.000000,1500.000000,0.000000
4.605087,1571878147.378631,0.000000,0.000000,1500.000000,0.000000,1500.000000,0.000000
4.618871,1571878147.392417,0.000000,0.000000,1500.000000,0.000000,1500.000000,0.000000
4.638845,1571878147.412373,0.000000,0.000000,1500.000000,0.000000,1500.000000,0.000000
4.648440,1571878147.422003,0.000000,0.000000,1500.000000,0.000000,1500.000000,0.000000
4.656071,1571878147.429614,0.000000,0.000000,1500.000000,0.000000,1500.000000,0.000000
4.672341,1571878147.445870,0.000000,0.000000,1500.000000,0.000000,1500.000000,0.000000
4.684577,1571878147.458102,0.000000,0.000000,1500.000000,0.000000,1500.000000,0.000000
4.697030,1571878147.470586,0.000000,0.000000,1500.000000,0.000000,1500.000000,0.000000
4.707413,1571878147.480947,0.000000,0.000000,1500.000000,0.000000,1500.000000,0.000000
4.726562,1571878147.500097,0.000000,0.000000,1500.000000,0.000000,1500.000000,0.000000
4.748805,1571878147.522384,0.000000,0.000000,1500.000000,0.000000,1500.000000,0.000000
4.775007,1571878147.548528,0.000000,0.000000,1500.000000,0.000000,1500.000000,0.000000
4.788892,1571878147.562436,0.000000,0.000000,1500.000000,0.000000,1500.000000,0.000000
4.805535,1571878147.579090,0.000000,0.000000,1500.000000,0.000000,1500.000000,0.000000
4.822359,1571878147.595903,0.000000,0.000000,1500.000000,0.000000,1500.000000,0.000000
4.836650,1571878147.610269,0.000000,0.000000,1500.000000,0.000000,1500.000000,0.000000
4.848158,1571878147.621710,0.000000,0.000000,1500.000000,0.000000,1500.000000,0.000000
4.859393,1571878147.632919,0.000000,0.000000,1500.000000,0.000000,1500.000000,0.000000
4.868084,1571878147.641601,0.000000,0.000000,1500.000000,0.000000,1500.000000,0.000000
4.877607,1571878147.651145,0.000000,0.000000,1500.000000,0.000000,1500.000000,0.000000
4.892289,1571878147.665817,0.000000,0.000000,1500.000000,0.000000,1500.000000,0.000000
4.901583,1571878147.675108,0.000000,0.000000,1500.000000,0.000000,1500.000000,0.000000
4.911747,1571878147.685271,0.000000,0.000000,1500.000000,0.000000,1500.000000,0.000000
4.921136,1571878147.694700,0.000000,0.000000,1500.000000,0.000000,1500.000000,0.000000
4.932089,1571878147.705650,0.000000,0.000000,1500.000000,0.000000,1500.000000,0.000000
4.943847,1571878147.717385,0.000000,0.000000,1500.000000,0.000000,1500.000000,0.000000
4.956050,1571878147.729573,0.000000,0.000000,1500.000000,0.000000,1500.000000,0.000000
4.972055,1571878147.745721,0.000000,0.000000,1500.000000,0.000000,1500.000000,0.000000
4.994900,1571878147.768637,0.000000,0.000000,1500.000000,0.000000,1500.000000,0.000000
5.006427,1571878147.780027,0.000000,0.000000,1500.000000,0.000000,1500.000000,0.000000
5.030390,1571878147.803918,0.000000,0.000000,1500.000000,0.000000,1500.000000,0.000000
5.051885,1571878147.825415,0.000000,0.000000,1500.000000,0.000000,1500.000000,0.000000
5.065497,1571878147.839043,0.000000,0.000000,1500.000000,0.000000,1500.000000,0.000000
5.084418,1571878147.857966,0.000000,0.000000,1500.000000,0.000000,1500.000000,0.000000
5.095357,1571878147.868883,0.000000,0.000000,1500.000000,0.000000,1500.000000,0.000000
5.104489,1571878147.878012,0.000000,0.000000,1500.000000,0.000000,1500.000000,0.000000
5.113453,1571878147.886977,0.000000,0.000000,1500.000000,0.000000,1500.000000,0.000000
5.122633,1571878147.896158,0.000000,0.000000,1500.000000,0.000000,1500.000000,0.000000
5.131701,1571878147.905221,0.000000,0.000000,1500.000000,0.000000,1500.000000,0.000000
5.155240,1571878147.928773,0.000000,0.000000,1500.000000,0.000000,1500.000000,0.000000
5.165272,1571878147.938817,0.000000,0.000000,1500.000000,0.000000,1500.000000,0.000000
5.177367,1571878147.950927,0.000000,0.000000,1500.000000,0.000000,1500.000000,0.000000
5.187129,1571878147.960663,0.000000,0.000000,1500.000000,0.000000,1500.000000,0.000000
5.203630,1571878147.977213,0.000000,0.000000,1500.000000,0.000000,1500.000000,0.000000
5.223538,1571878147.997077,0.000000,0.000000,1500.000000,0.000000,1500.000000,0.000000
5.239651,1571878148.013196,0.000000,0.000000,1500.000000,0.000000,1500.000000,0.000000
5.253632,1571878148.027167,0.000000,0.000000,1500.000000,0.000000,1500.000000,0.000000
5.260199,1571878148.033733,0.000000,0.000000,1500.000000,0.000000,1500.000000,0.000000
5.283212,1571878148.056744,0.000000,0.000000,1500.000000,0.000000,1500.000000,0.000000
5.297906,1571878148.071437,0.000000,0.000000,1500.000000,0.000000,1500.000000,0.000000
5.319767,1571878148.093294,0.000000,0.000000,1500.000000,0.000000,1500.000000,0.000000
5.333780,1571878148.107321,0.000000,0.000000,1500.000000,0.000000,1500.000000,0.000000
5.351024,1571878148.124609,0.000000,0.000000,1500.000000,0.000000,1500.000000,0.000000
5.361379,1571878148.134912,0.000000,0.000000,1500.000000,0.000000,1500.000000,0.000000
5.378332,1571878148.151858,0.000000,0.000000,1500.000000,0.000000,1500.000000,0.000000
5.388140,1571878148.161662,0.000000,0.000000,1500.000000,0.000000,1500.000000,0.000000
5.397990,1571878148.171520,0.000000,0.000000,1500.000000,0.000000,1500.000000,0.000000
5.425823,1571878148.199356,0.000000,0.000000,1500.000000,0.000000,1500.000000,0.000000
5.437026,1571878148.210560,0.000000,0.000000,1500.000000,0.000000,1500.000000,0.000000
5.448490,1571878148.222031,0.000000,0.000000,1500.000000,0.000000,1500.000000,0.000000
5.454737,1571878148.228291,0.000000,0.000000,1500.000000,0.000000,1500.000000,0.000000
5.470890,1571878148.244439,0.000000,0.000000,1500.000000,0.000000,1500.000000,0.000000
5.491712,1571878148.265261,0.000000,0.000000,1500.000000,0.000000,1500.000000,0.000000
5.513118,1571878148.286644,0.000000,0.000000,1500.000000,0.000000,1500.000000,0.000000
5.528257,1571878148.301786,0.000000,0.000000,1500.000000,0.000000,1500.000000,0.000000
5.543707,1571878148.317299,0.000000,0.000000,1500.000000,0.000000,1500.000000,0.000000
5.566226,1571878148.339776,0.000000,0.000000,1500.000000,0.000000,1500.000000,0.000000
5.598336,1571878148.371861,0.000000,0.000000,1500.000000,0.000000,1500.000000,0.000000
5.607931,1571878148.381477,0.000000,0.000000,1500.000000,0.000000,1500.000000,0.000000
5.625711,1571878148.399261,0.000000,0.000000,1500.000000,0.000000,1500.000000,0.000000
5.640939,1571878148.414476,0.000000,0.000000,1500.000000,0.000000,1500.000000,0.000000
5.661637,1571878148.435223,0.000000,0.000000,1500.000000,0.000000,1500.000000,0.000000
5.689107,1571878148.462643,0.000000,0.000000,1500.000000,0.000000,1500.000000,0.000000
5.696549,1571878148.470079,0.000000,0.000000,1500.000000,0.000000,1500.000000,0.000000
5.720597,1571878148.494126,0.000000,0.000000,1500.000000,0.000000,1500.000000,0.000000
5.729914,1571878148.503445,0.000000,0.000000,1500.000000,0.000000,1500.000000,0.000000
5.750190,1571878148.523740,0.000000,0.000000,1500.000000,0.000000,1500.000000,0.000000
5.759824,1571878148.533347,0.000000,0.000000,1500.000000,0.000000,1500.000000,0.000000
5.771317,1571878148.544847,0.000000,0.000000,1500.000000,0.000000,1500.000000,0.000000
5.792627,1571878148.566224,0.000000,0.000000,1500.000000,0.000000,1500.000000,0.000000
5.805612,1571878148.579157,0.000000,0.000000,1500.000000,0.000000,1500.000000,0.000000
5.819437,1571878148.592997,0.000000,0.000000,1500.000000,0.000000,1500.000000,0.000000
5.837425,1571878148.610969,0.000000,0.000000,1500.000000,0.000000,1500.000000,0.000000
5.848255,1571878148.621835,0.000000,0.000000,1500.000000,0.000000,1500.000000,0.000000
5.862138,1571878148.635701,0.000000,0.000000,1500.000000,0.000000,1500.000000,0.000000
5.885619,1571878148.659148,0.000000,0.000000,1500.000000,0.000000,1500.000000,0.000000
5.902061,1571878148.675628,0.000000,0.000000,1500.000000,0.000000,1500.000000,0.000000
5.925465,1571878148.698999,0.000000,0.000000,1500.000000,0.000000,1500.000000,0.000000
5.944995,1571878148.718568,0.000000,0.000000,1500.000000,0.000000,1500.000000,0.000000
5.969095,1571878148.742621,0.000000,0.000000,1500.000000,0.000000,1500.000000,0.000000
5.979252,1571878148.752780,0.000000,0.000000,1500.000000,0.000000,1500.000000,0.000000
5.990984,1571878148.764539,0.000000,0.000000,1500.000000,0.000000,1500.000000,0.000000
6.004043,1571878148.777639,0.000000,0.000000,1500.000000,0.000000,1500.000000,0.000000
6.018634,1571878148.792175,0.000000,0.000000,1500.000000,0.000000,1500.000000,0.000000
6.031819,1571878148.805348,0.000000,0.000000,1500.000000,0.000000,1500.000000,0.000000
6.046063,1571878148.819599,0.000000,0.000000,1500.000000,0.000000,1500.000000,0.000000
6.057296,1571878148.830839,0.000000,0.000000,1500.000000,0.000000,1500.000000,0.000000
6.066740,1571878148.840265,0.000000,0.000000,1500.000000,0.000000,1500.000000,0.000000
6.075865,1571878148.849389,0.000000,0.000000,1500.000000,0.000000,1500.000000,0.000000
6.085001,1571878148.858528,0.000000,0.000000,1500.000000,0.000000,1500.000000,0.000000
6.107380,1571878148.880926,0.000000,0.000000,1500.000000,0.000000,1500.000000,0.000000
6.124021,1571878148.897570,0.000000,0.000000,1500.000000,0.000000,1500.000000,0.000000
6.140184,1571878148.913722,0.000000,0.000000,1500.000000,0.000000,1500.000000,0.000000
6.158862,1571878148.932404,0.000000,0.000000,1500.000000,0.000000,1500.000000,0.000000
6.175117,1571878148.948668,0.000000,0.000000,1500.000000,0.000000,1500.000000,0.000000
6.201872,1571878148.975419,0.000000,0.000000,1500.000000,0.000000,1500.000000,0.000000
6.232804,1571878149.006336,0.000000,0.000000,1500.000000,0.000000,1500.000000,0.000000
6.244741,1571878149.018313,0.000000,0.000000,1500.000000,0.000000,1500.000000,0.000000
6.256580,1571878149.030198,0.000000,0.000000,1500.000000,0.000000,1500.000000,0.000000
6.266810,1571878149.040367,0.000000,0.000000,1500.000000,0.000000,1500.000000,0.000000
6.277789,1571878149.051343,0.000000,0.000000,1500.000000,0.000000,1500.000000,0.000000
6.295135,1571878149.068681,0.000000,0.000000,1500.000000,0.000000,1500.000000,0.000000
6.315073,1571878149.088648,0.000000,0.000000,1500.000000,0.000000,1500.000000,0.000000
6.329508,1571878149.103047,0.000000,0.000000,1500.000000,0.000000,1500.000000,0.000000
6.341278,1571878149.114813,0.000000,0.000000,1500.000000,0.000000,1500.000000,0.000000
6.353383,1571878149.127057,0.000000,0.000000,1500.000000,0.000000,1500.000000,0.000000
6.367490,1571878149.141046,0.000000,0.000000,1500.000000,0.000000,1500.000000,0.000000
6.380960,1571878149.154482,0.000000,0.000000,1500.000000,0.000000,1500.000000,0.000000
6.390507,1571878149.164047,0.000000,0.000000,1500.000000,0.000000,1500.000000,0.000000
6.401393,1571878149.174927,0.000000,0.000000,1500.000000,0.000000,1500.000000,0.000000
6.412881,1571878149.186457,0.000000,0.000000,1500.000000,0.000000,1500.000000,0.000000
6.426680,1571878149.200251,0.000000,0.000000,1500.000000,0.000000,1500.000000,0.000000
6.441266,1571878149.214805,0.000000,0.000000,1500.000000,0.000000,1500.000000,0.000000
6.451226,1571878149.224759,0.000000,0.000000,1500.000000,0.000000,1500.000000,0.000000
6.460293,1571878149.233817,0.000000,0.000000,1500.000000,0.000000,1500.000000,0.000000
6.469348,1571878149.242867,0.000000,0.000000,1500.000000,0.000000,1500.000000,0.000000
6.481675,1571878149.255243,0.000000,0.000000,1500.000000,0.000000,1500.000000,0.000000
6.492428,1571878149.265958,0.000000,0.000000,1500.000000,0.000000,1500.000000,0.000000
6.508461,1571878149.281993,0.000000,0.000000,1500.000000,0.000000,1500.000000,0.000000
6.515944,1571878149.289539,0.000000,0.000000,1500.000000,0.000000,1500.000000,0.000000
6.537194,1571878149.310782,0.000000,0.000000,1500.000000,0.000000,1500.000000,0.000000
6.549616,1571878149.323144,0.000000,0.000000,1500.000000,0.000000,1500.000000,0.000000
6.559318,1571878149.332831,0.000000,0.000000,1500.000000,0.000000,1500.000000,0.000000
6.573668,1571878149.347204,0.000000,0.000000,1500.000000,0.000000,1500.000000,0.000000
6.583457,1571878149.357001,0.000000,0.000000,1500.000000,0.000000,1500.000000,0.000000
6.602585,1571878149.376120,0.000000,0.000000,1500.000000,0.000000,1500.000000,0.000000
6.630843,1571878149.404398,0.000000,0.000000,1500.000000,0.000000,1500.000000,0.000000
6.658837,1571878149.432371,0.000000,0.000000,1500.000000,0.000000,1500.000000,0.000000
6.675373,1571878149.449078,0.000000,0.000000,1500.000000,0.000000,1500.000000,0.000000
6.689313,1571878149.462856,0.000000,0.000000,1500.000000,0.000000,1500.000000,0.000000
6.702717,1571878149.476245,0.000000,0.000000,1500.000000,0.000000,1500.000000,0.000000
6.713966,1571878149.487515,0.000000,0.000000,1500.000000,0.000000,1500.000000,0.000000
6.724883,1571878149.498414,0.000000,0.000000,1500.000000,0.000000,1500.000000,0.000000
6.735083,1571878149.508640,0.000000,0.000000,1500.000000,0.000000,1500.000000,0.000000
6.754122,1571878149.527652,0.000000,0.000000,1500.000000,0.000000,1500.000000,0.000000
6.775219,1571878149.548935,0.000000,0.000000,1500.000000,0.000000,1500.000000,0.000000
6.788826,1571878149.562368,0.000000,0.000000,1500.000000,0.000000,1500.000000,0.000000
6.811316,1571878149.584840,0.000000,0.000000,1500.000000,0.000000,1500.000000,0.000000
6.821598,1571878149.595199,0.000000,0.000000,1500.000000,0.000000,1500.000000,0.000000
6.834149,1571878149.607697,0.000000,0.000000,1500.000000,0.000000,1500.000000,0.000000
6.850843,1571878149.624377,0.000000,0.000000,1500.000000,0.000000,1500.000000,0.000000
6.863716,1571878149.637250,0.000000,0.000000,1500.000000,0.000000,1500.000000,0.000000
6.878413,1571878149.651952,0.000000,0.000000,1500.000000,0.000000,1500.000000,0.000000
6.897842,1571878149.671376,0.000000,0.000000,1500.000000,0.000000,1500.000000,0.000000
6.914962,1571878149.688506,0.000000,0.000000,1500.000000,0.000000,1500.000000,0.000000
6.932238,1571878149.705788,0.000000,0.000000,1500.000000,0.000000,1500.000000,0.000000
6.941936,1571878149.715470,0.000000,0.000000,1500.000000,0.000000,1500.000000,0.000000
6.963787,1571878149.737334,0.000000,0.000000,1500.000000,0.000000,1500.000000,0.000000
6.976912,1571878149.750464,0.000000,0.000000,1500.000000,0.000000,1500.000000,0.000000
6.991485,1571878149.765010,0.000000,0.000000,1500.000000,0.000000,1500.000000,0.000000
7.010198,1571878149.783771,0.000000,0.000000,1500.000000,0.000000,1500.000000,0.000000
7.026599,1571878149.800150,0.000000,0.000000,1500.000000,0.000000,1500.000000,0.000000
7.036102,1571878149.809624,0.000000,0.000000,1500.000000,0.000000,1500.000000,0.000000
7.048636,1571878149.822222,0.000000,0.000000,1500.000000,0.000000,1500.000000,0.000000
7.062473,1571878149.836024,0.000000,0.000000,1500.000000,0.000000,1500.000000,0.000000
7.087881,1571878149.861416,0.000000,0.000000,1500.000000,0.000000,1500.000000,0.000000
7.110667,1571878149.884254,0.000000,0.000000,1500.000000,0.000000,1500.000000,0.000000
7.128376,1571878149.901939,0.000000,0.000000,1500.000000,0.000000,1500.000000,0.000000
7.139120,1571878149.912651,0.000000,0.000000,1500.000000,0.000000,1500.000000,0.000000
7.150119,1571878149.923690,0.000000,0.000000,1500.000000,0.000000,1500.000000,0.000000
7.161274,1571878149.934806,0.000000,0.000000,1500.000000,0.000000,1500.000000,0.000000
7.171538,1571878149.945076,0.000000,0.000000,1500.000000,0.000000,1500.000000,0.000000
7.185102,1571878149.958645,0.000000,0.000000,1500.000000,0.000000,1500.000000,0.000000
7.200256,1571878149.973832,0.000000,0.000000,1500.000000,0.000000,1500.000000,0.000000
7.211509,1571878149.985100,0.000000,0.000000,1500.000000,0.000000,1500.000000,0.000000
7.223125,1571878149.996705,0.000000,0.000000,1500.000000,0.000000,1500.000000,0.000000
7.242831,1571878150.016361,0.000000,0.000000,1500.000000,0.000000,1500.000000,0.000000
7.251802,1571878150.025343,0.000000,0.000000,1500.000000,0.000000,1500.000000,0.000000
7.260775,1571878150.034298,0.000000,0.000000,1500.000000,0.000000,1500.000000,0.000000
7.271713,1571878150.045274,0.000000,0.000000,1500.000000,0.000000,1500.000000,0.000000
7.282970,1571878150.056505,0.000000,0.000000,1500.000000,0.000000,1500.000000,0.000000
7.292684,1571878150.066275,0.000000,0.000000,1500.000000,0.000000,1500.000000,0.000000
7.303705,1571878150.077249,0.000000,0.000000,1500.000000,0.000000,1500.000000,0.000000
7.313983,1571878150.087528,0.000000,0.000000,1500.000000,0.000000,1500.000000,0.000000
7.329880,1571878150.103419,0.000000,0.000000,1500.000000,0.000000,1500.000000,0.000000
7.340943,1571878150.114469,0.000000,0.000000,1500.000000,0.000000,1500.000000,0.000000
7.350477,1571878150.124005,0.000000,0.000000,1500.000000,0.000000,1500.000000,0.000000
7.361605,1571878150.135135,0.000000,0.000000,1500.000000,0.000000,1500.000000,0.000000
7.373748,1571878150.147418,0.000000,0.000000,1500.000000,0.000000,1500.000000,0.000000
7.387155,1571878150.160698,0.000000,0.000000,1500.000000,0.000000,1500.000000,0.000000
7.404176,1571878150.177712,0.000000,0.000000,1500.000000,0.000000,1500.000000,0.000000
7.417071,1571878150.190608,0.000000,0.000000,1500.000000,0.000000,1500.000000,0.000000
7.427127,1571878150.200664,0.000000,0.000000,1500.000000,0.000000,1500.000000,0.000000
7.443938,1571878150.217594,0.000000,0.000000,1500.000000,0.000000,1500.000000,0.000000
7.465477,1571878150.239010,0.000000,0.000000,1500.000000,0.000000,1500.000000,0.000000
7.476363,1571878150.249888,0.000000,0.000000,1500.000000,0.000000,1500.000000,0.000000
7.486305,1571878150.259831,0.000000,0.000000,1500.000000,0.000000,1500.000000,0.000000
7.501669,1571878150.275208,0.000000,0.000000,1329.000000,0.000000,1500.000000,0.000000
7.517592,1571878150.291148,0.000000,0.000000,1329.000000,0.000000,1500.000000,0.000000
7.538955,1571878150.312486,0.000000,0.000000,1329.000000,0.000000,1500.000000,0.000000
7.561357,1571878150.334889,0.000000,0.000000,1328.000000,1250.000000,1505.000000,0.000000
7.599915,1571878150.373466,0.000000,0.000000,1329.000000,0.000000,1500.000000,0.115000
7.617442,1571878150.390970,0.000000,0.000000,1322.000000,1500.000000,1506.000000,0.000000
7.627962,1571878150.401556,0.000000,0.000000,1322.000000,1500.000000,1506.000000,0.115000
7.649398,1571878150.422935,0.795775,138.000000,1322.000000,1500.000000,1506.000000,0.115000
7.665592,1571878150.439184,-3.660564,-30.000000,1328.000000,0.000000,1500.000000,0.115000
7.683973,1571878150.457510,-0.000000,-27.000000,1322.000000,1250.000000,1505.000000,0.000000
7.694157,1571878150.467680,-0.000000,-21.000000,1328.000000,0.000000,1500.000000,0.000000
7.703858,1571878150.477388,-0.000000,-20.000000,1328.000000,0.000000,1500.000000,0.000000
7.717249,1571878150.490810,-0.000000,-17.000000,1329.000000,0.000000,1500.000000,0.000000
7.730205,1571878150.503757,-0.000000,-14.000000,1329.000000,0.000000,1500.000000,0.000000
7.742069,1571878150.515621,-0.000000,-12.000000,1322.000000,1500.000000,1506.000000,0.000000
7.765535,1571878150.539082,-0.000000,-9.000000,1329.000000,1500.000000,1506.000000,0.000000
7.776619,1571878150.550262,4.991678,22.000000,1328.000000,-250.000000,1499.000000,0.115000
7.791327,1571878150.564901,-5.229377,-21.000000,1328.000000,-250.000000,1499.000000,0.115000
7.806880,1571878150.580434,-0.000000,-17.000000,1329.000000,1500.000000,1506.000000,0.000000
7.816016,1571878150.590550,-7.844065,-14.000000,1329.000000,1500.000000,1506.000000,0.115000
7.838091,1571878150.611636,5.229377,21.000000,1328.000000,0.000000,1500.000000,0.115000
7.848237,1571878150.621801,21.963382,5.000000,1328.000000,0.000000,1500.000000,0.115000
7.867172,1571878150.640716,-0.000000,-27.000000,1328.000000,0.000000,1500.000000,0.000000
7.880988,1571878150.654524,-0.000000,-25.000000,1323.000000,1500.000000,1506.000000,0.000000
7.894313,1571878150.667860,-6.863557,-16.000000,1323.000000,1500.000000,1506.000000,0.115000
7.921657,1571878150.695209,0.825691,133.000000,1328.000000,0.000000,1500.000000,0.115000
7.935619,1571878150.709160,-0.000000,-21.000000,1328.000000,0.000000,1500.000000,0.000000
7.945714,1571878150.719267,-0.000000,-17.000000,1322.000000,1500.000000,1506.000000,0.000000
7.958215,1571878150.731759,-6.863557,-16.000000,1322.000000,1500.000000,1506.000000,0.115000
7.969037,1571878150.742573,-8.447455,-13.000000,1328.000000,1500.000000,1506.000000,0.115000
7.983805,1571878150.757362,-4.067293,-27.000000,1329.000000,0.000000,1500.000000,0.115000
8.004112,1571878150.777694,1.464225,75.000000,1328.000000,0.000000,1500.000000,0.115000
8.022775,1571878150.796307,-0.000000,-22.000000,1323.000000,1500.000000,1506.000000,0.000000
8.033128,1571878150.806663,-6.153991,-18.000000,1323.000000,1500.000000,1506.000000,0.116000
8.058199,1571878150.831737,-6.863557,-16.000000,1329.000000,-250.000000,1499.000000,0.115000
8.073304,1571878150.846843,-0.000000,-23.000000,1330.000000,-250.000000,1499.000000,0.000000
8.083196,1571878150.856735,-0.000000,-20.000000,1325.000000,1500.000000,1506.000000,0.000000
8.093793,1571878150.867327,-6.459818,-17.000000,1325.000000,1500.000000,1506.000000,0.115000
8.103777,1571878150.877318,-7.321127,-15.000000,1331.000000,1500.000000,1506.000000,0.115000
8.110495,1571878150.884153,0.819529,134.000000,1331.000000,1500.000000,1506.000000,0.115000
8.130650,1571878150.904223,-4.223727,-26.000000,1334.000000,-250.000000,1499.000000,0.115000
8.144972,1571878150.918505,-0.000000,-27.000000,1340.000000,1500.000000,1506.000000,0.000000
8.154969,1571878150.928510,-0.000000,-25.000000,1340.000000,1500.000000,1506.000000,0.000000
8.168532,1571878150.942061,0.864700,127.000000,1345.000000,1250.000000,1505.000000,0.115000
8.185163,1571878150.958746,-3.786790,-29.000000,1367.000000,0.000000,1500.000000,0.115000
8.200904,1571878150.975269,-0.000000,-25.000000,1367.000000,0.000000,1500.000000,0.000000
8.221342,1571878150.994876,-0.000000,-17.000000,1386.000000,0.000000,1500.000000,0.000000
8.232577,1571878151.006141,-0.000000,-13.000000,1418.000000,1250.000000,1505.000000,0.000000
8.245336,1571878151.018880,-0.000000,-12.000000,1438.000000,1500.000000,1506.000000,0.000000
8.266372,1571878151.039958,-10.981691,-10.000000,1438.000000,1500.000000,1506.000000,0.115000
8.285664,1571878151.059204,15.688130,7.000000,1457.000000,0.000000,1500.000000,0.115000
8.297863,1571878151.071393,0.000000,34.000000,1457.000000,0.000000,1500.000000,0.000000
8.310472,1571878151.084023,-0.000000,-21.000000,1472.000000,1250.000000,1505.000000,0.000000
8.322726,1571878151.096256,-0.000000,-19.000000,1497.000000,0.000000,1500.000000,0.000000
8.348251,1571878151.121850,-6.863557,-16.000000,1513.000000,-250.000000,1499.000000,0.115000
8.373415,1571878151.146992,-0.000000,-9.000000,1528.000000,1250.000000,1505.000000,0.000000
8.387698,1571878151.161232,-18.302818,-6.000000,1544.000000,1500.000000,1506.000000,0.115000
8.399054,1571878151.172600,-18.461973,-6.000000,1544.000000,1500.000000,1506.000000,0.116000
8.408958,1571878151.182487,-21.963382,-5.000000,1561.000000,0.000000,1500.000000,0.115000
8.421596,1571878151.195204,0.000000,57.000000,1561.000000,0.000000,1500.000000,0.000000
8.435847,1571878151.209375,-0.000000,-8.000000,1569.000000,0.000000,1500.000000,0.000000
8.456213,1571878151.229838,-0.000000,-6.000000,1577.000000,1500.000000,1506.000000,0.000000
8.490829,1571878151.264364,-27.454228,-4.000000,1608.000000,0.000000,1500.000000,0.115000
8.503018,1571878151.276553,-0.000000,-3.000000,1608.000000,0.000000,1500.000000,0.000000
8.511090,1571878151.284622,-0.000000,-2.000000,1615.000000,1500.000000,1506.000000,0.000000
8.528576,1571878151.302103,-54.908455,-2.000000,1629.000000,1250.000000,1505.000000,0.115000
8.545608,1571878151.319135,-109.816911,-1.000000,1652.000000,0.000000,1500.000000,0.115000
8.555748,1571878151.329352,-109.816911,-1.000000,1652.000000,0.000000,1500.000000,0.115000
8.566799,1571878151.340332,-0.000000,-1.000000,1652.000000,0.000000,1500.000000,0.000000
8.584866,1571878151.358397,0.000000,0.000000,1659.000000,-250.000000,1499.000000,0.000000
8.595772,1571878151.369316,0.000000,0.000000,1681.000000,1500.000000,1506.000000,0.000000
8.607095,1571878151.380651,0.000000,0.000000,1701.000000,1500.000000,1506.000000,0.000000
8.620203,1571878151.393731,0.000000,0.000000,1701.000000,1500.000000,1506.000000,0.115000
8.630020,1571878151.403556,0.000000,0.000000,1703.000000,-1500.000000,1494.000000,0.115000
8.648598,1571878151.422127,0.000000,0.000000,1703.000000,-1500.000000,1494.000000,0.000000
8.661257,1571878151.434788,0.000000,0.000000,1713.000000,1250.000000,1505.000000,0.115000
8.674966,1571878151.448502,0.000000,0.000000,1731.000000,1500.000000,1506.000000,0.000000
8.687787,1571878151.461313,0.000000,0.000000,1757.000000,0.000000,1500.000000,0.115000
8.696949,1571878151.470470,0.000000,0.000000,1757.000000,0.000000,1500.000000,0.116000
8.706543,1571878151.480076,0.000000,0.000000,1762.000000,0.000000,1500.000000,0.000000
8.716253,1571878151.489784,0.000000,0.000000,1762.000000,0.000000,1500.000000,0.000000
8.727014,1571878151.500543,0.000000,0.000000,1779.000000,1250.000000,1505.000000,0.000000
8.737762,1571878151.511321,0.000000,0.000000,1779.000000,1250.000000,1505.000000,0.000000
8.753483,1571878151.527013,0.000000,0.000000,1804.000000,1500.000000,1506.000000,0.115000
8.763706,1571878151.537236,0.000000,0.000000,1804.000000,1500.000000,1506.000000,0.115000
8.772773,1571878151.546309,0.000000,0.000000,1817.000000,0.000000,1500.000000,0.115000
8.787170,1571878151.560701,0.000000,0.000000,1825.000000,1000.000000,1504.000000,0.000000
8.796434,1571878151.569969,0.000000,0.000000,1825.000000,1000.000000,1504.000000,0.000000
8.818552,1571878151.592090,0.000000,0.000000,1827.000000,1500.000000,1506.000000,0.000000
8.831567,1571878151.605190,0.000000,0.000000,1831.000000,0.000000,1500.000000,0.115000
8.859926,1571878151.633509,0.000000,0.000000,1832.000000,-250.000000,1499.000000,0.000000
8.870381,1571878151.643949,0.000000,0.000000,1833.000000,1250.000000,1505.000000,0.000000
8.882163,1571878151.655729,0.000000,0.000000,1833.000000,1250.000000,1505.000000,0.000000
8.901192,1571878151.674774,0.000000,0.000000,1839.000000,1500.000000,1506.000000,0.000000
8.919056,1571878151.692584,0.000000,0.000000,1834.000000,0.000000,1500.000000,0.115000
8.929203,1571878151.702764,0.000000,0.000000,1833.000000,1500.000000,1506.000000,0.000000
8.955887,1571878151.729423,0.000000,0.000000,1833.000000,1500.000000,1506.000000,0.000000
8.965158,1571878151.738680,0.000000,0.000000,1833.000000,0.000000,1500.000000,0.115000
8.974962,1571878151.748494,0.000000,0.000000,1833.000000,0.000000,1500.000000,0.115000
8.984871,1571878151.758453,0.000000,0.000000,1833.000000,0.000000,1500.000000,0.000000
8.996799,1571878151.770354,0.000000,0.000000,1833.000000,0.000000,1500.000000,0.000000
9.002985,1571878151.776518,0.000000,0.000000,1833.000000,0.000000,1500.000000,0.000000
9.029080,1571878151.802631,0.000000,0.000000,1839.000000,-250.000000,1499.000000,0.000000
9.047106,1571878151.820641,0.000000,0.000000,1839.000000,-250.000000,1499.000000,0.000000
9.061819,1571878151.835343,0.000000,0.000000,1833.000000,0.000000,1500.000000,0.000000
9.076302,1571878151.849936,0.000000,0.000000,1834.000000,1500.000000,1506.000000,0.000000
9.092673,1571878151.866276,0.000000,0.000000,1840.000000,1500.000000,1506.000000,0.115000
9.123423,1571878151.896947,0.000000,0.000000,1833.000000,-250.000000,1499.000000,0.116000
9.135046,1571878151.908578,0.000000,0.000000,1831.000000,1500.000000,1506.000000,0.115000
9.157837,1571878151.931364,0.000000,0.000000,1818.000000,1500.000000,1506.000000,0.115000
9.168068,1571878151.941594,0.000000,0.000000,1762.000000,-250.000000,1499.000000,0.115000
9.180077,1571878151.953623,0.000000,0.000000,1762.000000,-250.000000,1499.000000,0.115000
9.199759,1571878151.973458,0.000000,0.000000,1720.000000,1250.000000,1505.000000,0.000000
9.214611,1571878151.988178,0.000000,0.000000,1659.000000,1250.000000,1505.000000,0.000000
9.223935,1571878151.997488,0.000000,0.000000,1659.000000,1250.000000,1505.000000,0.115000
9.246419,1571878152.019966,0.000000,0.000000,1604.000000,0.000000,1500.000000,0.115000
9.256378,1571878152.029904,0.000000,0.000000,1549.000000,1500.000000,1506.000000,0.000000
9.267858,1571878152.041404,0.000000,0.000000,1549.000000,1500.000000,1506.000000,0.115000
9.279599,1571878152.053182,0.000000,0.000000,1510.000000,1250.000000,1505.000000,0.115000
9.296658,1571878152.070276,0.000000,0.000000,1453.000000,0.000000,1500.000000,0.115000
9.308511,1571878152.082079,0.000000,0.000000,1453.000000,0.000000,1500.000000,0.000000
9.317660,1571878152.091190,0.000000,0.000000,1422.000000,1500.000000,1506.000000,0.000000
9.334862,1571878152.108505,0.000000,0.000000,1420.000000,1250.000000,1505.000000,0.115000
9.348671,1571878152.122260,0.000000,0.000000,1420.000000,1250.000000,1505.000000,0.115000
9.366530,1571878152.140066,0.000000,0.000000,1412.000000,-250.000000,1499.000000,0.115000
9.375876,1571878152.149401,0.000000,0.000000,1391.000000,250.000000,1501.000000,0.000000
9.385589,1571878152.159119,0.000000,0.000000,1391.000000,250.000000,1501.000000,0.000000
9.395321,1571878152.168844,0.000000,0.000000,1355.000000,1250.000000,1505.000000,0.000000
9.405440,1571878152.178968,0.000000,0.000000,1355.000000,1250.000000,1505.000000,0.000000
9.415214,1571878152.188777,0.000000,0.000000,1335.000000,0.000000,1500.000000,0.116000
9.433780,1571878152.207323,0.000000,0.000000,1335.000000,0.000000,1500.000000,0.000000
9.454100,1571878152.227653,0.000000,0.000000,1316.000000,0.000000,1500.000000,0.000000
9.480750,1571878152.254283,0.000000,0.000000,1271.000000,1500.000000,1506.000000,0.000000
9.506795,1571878152.280328,0.000000,0.000000,1241.000000,0.000000,1500.000000,0.116000
9.529666,1571878152.303243,2.033646,54.000000,1153.000000,1500.000000,1506.000000,0.115000
9.542061,1571878152.315590,-6.100939,-18.000000,1114.000000,-250.000000,1499.000000,0.115000
9.553941,1571878152.327473,-0.000000,-16.000000,1068.000000,-250.000000,1499.000000,0.000000
9.563440,1571878152.336964,-0.000000,-14.000000,1068.000000,-250.000000,1499.000000,0.000000
9.578236,1571878152.351765,-0.000000,-12.000000,1041.000000,1500.000000,1506.000000,0.000000
9.596247,1571878152.369845,-13.727114,-8.000000,1041.000000,1500.000000,1506.000000,0.115000
9.613297,1571878152.386862,-18.302818,-6.000000,1033.000000,-250.000000,1499.000000,0.115000
9.629122,1571878152.402665,-0.000000,-5.000000,1033.000000,0.000000,1500.000000,0.000000
9.638166,1571878152.411698,-0.000000,-4.000000,1033.000000,1500.000000,1506.000000,0.000000
9.648460,1571878152.422001,-36.605637,-3.000000,1033.000000,1500.000000,1506.000000,0.115000
9.654580,1571878152.428122,-36.605637,-3.000000,1033.000000,1250.000000,1505.000000,0.115000
9.667830,1571878152.441375,-54.908455,-2.000000,1033.000000,1250.000000,1505.000000,0.115000
9.676553,1571878152.450066,-54.908455,-2.000000,1033.000000,-250.000000,1499.000000,0.115000
9.688518,1571878152.462075,-0.000000,-2.000000,1033.000000,-250.000000,1499.000000,0.000000
9.704556,1571878152.478081,-0.000000,-1.000000,1033.000000,1500.000000,1506.000000,0.000000
9.713578,1571878152.487099,-109.816911,-1.000000,1027.000000,1250.000000,1505.000000,0.115000
9.724975,1571878152.498505,-109.816911,-1.000000,1027.000000,1250.000000,1505.000000,0.115000
9.737455,1571878152.510979,-109.816911,-1.000000,1033.000000,0.000000,1500.000000,0.115000
9.746264,1571878152.519793,0.000000,0.000000,1033.000000,0.000000,1500.000000,0.115000
9.755781,1571878152.529377,0.000000,0.000000,1033.000000,-250.000000,1499.000000,0.000000
9.766428,1571878152.539959,0.000000,0.000000,1033.000000,-250.000000,1499.000000,0.000000
9.777567,1571878152.551092,0.000000,0.000000,1033.000000,1500.000000,1506.000000,0.000000
9.787271,1571878152.560795,0.000000,0.000000,1033.000000,1500.000000,1506.000000,0.000000
9.796423,1571878152.569942,0.000000,0.000000,1033.000000,-250.000000,1499.000000,0.115000
9.805474,1571878152.579002,0.000000,0.000000,1033.000000,-250.000000,1499.000000,0.000000
9.818407,1571878152.591954,0.000000,0.000000,1033.000000,-250.000000,1499.000000,0.000000
9.829101,1571878152.602642,0.000000,0.000000,1033.000000,-250.000000,1499.000000,0.000000
9.838737,1571878152.612266,0.000000,0.000000,1033.000000,1250.000000,1505.000000,0.000000
9.848427,1571878152.622006,0.000000,0.000000,1033.000000,1250.000000,1505.000000,0.000000
9.858280,1571878152.631836,0.000000,0.000000,1033.000000,1500.000000,1506.000000,0.115000
9.867748,1571878152.641296,0.000000,0.000000,1033.000000,1500.000000,1506.000000,0.115000
9.880928,1571878152.654648,0.000000,0.000000,1033.000000,-250.000000,1499.000000,0.115000
9.894964,1571878152.668515,0.000000,0.000000,1033.000000,-250.000000,1499.000000,0.115000
9.910914,1571878152.684470,0.000000,0.000000,1033.000000,1250.000000,1505.000000,0.000000
9.922067,1571878152.695595,0.000000,0.000000,1033.000000,1250.000000,1505.000000,0.000000
9.938380,1571878152.711907,0.000000,0.000000,1060.000000,1500.000000,1506.000000,0.115000
9.959269,1571878152.732804,0.000000,0.000000,1184.000000,-250.000000,1499.000000,0.115000
9.971957,1571878152.745520,0.000000,0.000000,1184.000000,-250.000000,1499.000000,0.000000
9.983602,1571878152.757192,0.000000,0.000000,1252.000000,-250.000000,1499.000000,0.000000
9.993323,1571878152.766912,0.000000,0.000000,1252.000000,-250.000000,1499.000000,0.000000
10.012358,1571878152.785918,0.000000,0.000000,1286.000000,1500.000000,1506.000000,0.000000
10.027832,1571878152.801366,0.000000,0.000000,1343.000000,1500.000000,1506.000000,0.115000
10.050199,1571878152.823777,0.000000,0.000000,1396.000000,-250.000000,1499.000000,0.115000
10.065702,1571878152.839235,0.000000,0.000000,1431.000000,-250.000000,1499.000000,0.000000
10.072477,1571878152.846005,0.000000,0.000000,1431.000000,-250.000000,1499.000000,0.000000
10.098805,1571878152.872365,0.000000,0.000000,1440.000000,1250.000000,1505.000000,0.000000
10.128281,1571878152.901807,0.000000,0.000000,1472.000000,-250.000000,1499.000000,0.115000
10.153493,1571878152.927027,0.000000,0.000000,1510.000000,0.000000,1500.000000,0.000000
10.163370,1571878152.936916,0.000000,0.000000,1558.000000,1500.000000,1506.000000,0.000000
10.174041,1571878152.947576,0.000000,0.000000,1558.000000,1500.000000,1506.000000,0.115000
10.184151,1571878152.957690,0.742006,148.000000,1617.000000,-250.000000,1499.000000,0.115000
10.207245,1571878152.980778,-0.000000,-21.000000,1647.000000,-250.000000,1499.000000,0.000000
10.227688,1571878153.001243,-0.000000,-13.000000,1699.000000,1500.000000,1506.000000,0.000000
10.239615,1571878153.013140,-0.000000,-11.000000,1750.000000,1500.000000,1506.000000,0.000000
10.248380,1571878153.021897,0.788855,138.000000,1750.000000,1500.000000,1506.000000,0.114000
10.257113,1571878153.030627,-4.392676,-25.000000,1796.000000,0.000000,1500.000000,0.115000
10.266848,1571878153.040396,0.885057,123.000000,1796.000000,0.000000,1500.000000,0.114000
10.279300,1571878153.052844,-0.000000,-34.000000,1807.000000,-250.000000,1499.000000,0.000000
10.292577,1571878153.066122,-0.000000,-29.000000,1807.000000,-250.000000,1499.000000,0.000000
10.304424,1571878153.078001,-0.000000,-24.000000,1827.000000,1500.000000,1506.000000,0.000000
10.316795,1571878153.090326,-0.000000,-19.000000,1827.000000,1500.000000,1506.000000,0.000000
10.335223,1571878153.108773,-7.844065,-14.000000,1839.000000,1500.000000,1506.000000,0.115000
10.345317,1571878153.118850,-9.151409,-12.000000,1833.000000,0.000000,1500.000000,0.115000
10.359568,1571878153.133093,-10.981691,-10.000000,1834.000000,1500.000000,1506.000000,0.115000
10.376625,1571878153.150249,-0.000000,-8.000000,1834.000000,1500.000000,1506.000000,0.000000
10.387547,1571878153.161074,-18.302818,-6.000000,1834.000000,1500.000000,1506.000000,0.115000
10.398521,1571878153.172075,-21.963382,-5.000000,1834.000000,0.000000,1500.000000,0.115000
10.408324,1571878153.181859,-27.454228,-4.000000,1834.000000,0.000000,1500.000000,0.115000
10.421788,1571878153.195323,-0.000000,-4.000000,1833.000000,0.000000,1500.000000,0.000000
10.434611,1571878153.208146,-0.000000,-2.000000,1833.000000,0.000000,1500.000000,0.000000
10.446950,1571878153.220493,-0.000000,-2.000000,1834.000000,1500.000000,1506.000000,0.000000
10.470093,1571878153.243643,-110.771840,-1.000000,1839.000000,1250.000000,1505.000000,0.116000
10.488796,1571878153.262338,-109.816911,-1.000000,1833.000000,0.000000,1500.000000,0.115000
10.504941,1571878153.278493,-0.000000,-1.000000,1833.000000,1500.000000,1506.000000,0.000000
10.521152,1571878153.294680,0.000000,0.000000,1840.000000,1500.000000,1506.000000,0.115000
10.533432,1571878153.306963,0.000000,0.000000,1840.000000,1500.000000,1506.000000,0.115000
10.553525,1571878153.327060,0.000000,0.000000,1833.000000,0.000000,1500.000000,0.115000
10.567202,1571878153.340738,0.000000,0.000000,1834.000000,0.000000,1500.000000,0.000000
10.580652,1571878153.354277,0.000000,0.000000,1834.000000,0.000000,1500.000000,0.000000
10.596739,1571878153.370284,0.000000,0.000000,1834.000000,1500.000000,1506.000000,0.000000
10.606607,1571878153.380144,0.000000,0.000000,1821.000000,-250.000000,1499.000000,0.115000
10.622695,1571878153.396223,0.000000,0.000000,1821.000000,-250.000000,1499.000000,0.000000
10.632791,1571878153.406346,0.000000,0.000000,1793.000000,0.000000,1500.000000,0.000000
10.645131,1571878153.418654,0.000000,0.000000,1763.000000,1250.000000,1505.000000,0.000000
10.655391,1571878153.428952,0.000000,0.000000,1763.000000,1250.000000,1505.000000,0.000000
10.667973,1571878153.441503,0.000000,0.000000,1734.000000,0.000000,1500.000000,0.000000
10.680079,1571878153.453602,0.000000,0.000000,1686.000000,0.000000,1500.000000,0.000000
10.689461,1571878153.463003,0.000000,0.000000,1686.000000,0.000000,1500.000000,0.000000
10.705355,1571878153.478893,0.000000,0.000000,1634.000000,1500.000000,1506.000000,0.000000
10.716538,1571878153.490114,0.000000,0.000000,1634.000000,1500.000000,1506.000000,0.000000
10.731628,1571878153.505176,0.000000,0.000000,1596.000000,0.000000,1500.000000,0.115000
10.747675,1571878153.521204,0.000000,0.000000,1544.000000,0.000000,1500.000000,0.114000
10.762318,1571878153.535864,0.000000,0.000000,1516.000000,1500.000000,1506.000000,0.000000
10.771924,1571878153.545451,0.000000,0.000000,1516.000000,1500.000000,1506.000000,0.000000
10.789620,1571878153.563148,0.000000,0.000000,1502.000000,-250.000000,1499.000000,0.115000
10.811116,1571878153.584645,0.000000,0.000000,1491.000000,0.000000,1500.000000,0.115000
10.823789,1571878153.597330,-0.000000,-6.000000,1463.000000,1500.000000,1506.000000,0.000000
10.833343,1571878153.606876,-0.000000,-5.000000,1463.000000,1500.000000,1506.000000,0.000000
10.853529,1571878153.627086,-36.605637,-3.000000,1437.000000,1500.000000,1506.000000,0.115000
10.864740,1571878153.638834,-5.490846,-20.000000,1435.000000,0.000000,1500.000000,0.115000
10.876631,1571878153.650253,0.980508,112.000000,1435.000000,0.000000,1500.000000,0.115000
10.889348,1571878153.662888,-0.000000,-26.000000,1428.000000,1500.000000,1506.000000,0.000000
10.901675,1571878153.675202,-0.000000,-22.000000,1435.000000,1250.000000,1505.000000,0.000000
10.912509,1571878153.686032,0.857945,128.000000,1435.000000,1250.000000,1505.000000,0.115000
10.921895,1571878153.695433,-3.327785,-33.000000,1435.000000,0.000000,1500.000000,0.115000
10.936912,1571878153.710439,-3.922033,-28.000000,1435.000000,0.000000,1500.000000,0.115000
10.960093,1571878153.733641,-0.000000,-18.000000,1428.000000,0.000000,1500.000000,0.000000
10.969828,1571878153.743370,-0.000000,-16.000000,1428.000000,1250.000000,1505.000000,0.000000
10.992173,1571878153.765709,-10.981691,-10.000000,1428.000000,1250.000000,1505.000000,0.115000
11.006147,1571878153.779672,-12.201879,-9.000000,1433.000000,0.000000,1500.000000,0.115000
11.018872,1571878153.792408,-0.000000,-8.000000,1433.000000,0.000000,1500.000000,0.000000
11.029043,1571878153.802597,-0.000000,-6.000000,1428.000000,1500.000000,1506.000000,0.000000
11.039738,1571878153.813293,-21.963382,-5.000000,1428.000000,1500.000000,1506.000000,0.115000
11.053005,1571878153.826555,0.767950,143.000000,1433.000000,1500.000000,1506.000000,0.115000
11.068848,1571878153.842378,-5.490846,-20.000000,1432.000000,250.000000,1501.000000,0.115000
11.083404,1571878153.856945,-3.431778,-32.000000,1432.000000,250.000000,1501.000000,0.115000
11.095266,1571878153.868792,-0.000000,-27.000000,1428.000000,1750.000000,1507.000000,0.000000
11.104930,1571878153.878476,-4.991678,-22.000000,1427.000000,2000.000000,1508.000000,0.115000
11.113702,1571878153.887254,1.743126,126.000000,1427.000000,2000.000000,1508.000000,0.230000
11.135333,1571878153.908891,-4.306546,-51.000000,1433.000000,1000.000000,1504.000000,0.230000
11.151965,1571878153.925488,-0.000000,-59.000000,1434.000000,1750.000000,1507.000000,0.000000
11.163813,1571878153.937356,-4.306546,-51.000000,1434.000000,1750.000000,1507.000000,0.230000
11.182784,1571878153.956313,2.889919,76.000000,1427.000000,3750.000000,1515.000000,0.230000
11.192160,1571878153.965676,15.941164,62.000000,1433.000000,2000.000000,1508.000000,1.035000
11.202285,1571878153.975835,0.000000,54.000000,1433.000000,2000.000000,1508.000000,0.000000
11.217276,1571878153.990812,0.000000,46.000000,1433.000000,2250.000000,1509.000000,0.000000
11.227166,1571878154.000688,8.669756,38.000000,1427.000000,3250.000000,1513.000000,0.345000
11.237180,1571878154.010709,3.050470,180.000000,1427.000000,3250.000000,1513.000000,0.575000
11.252903,1571878154.026435,5.856902,150.000000,1434.000000,2250.000000,1509.000000,0.920000
11.263680,1571878154.037240,5.124789,150.000000,1434.000000,2250.000000,1509.000000,0.805000
11.280545,1571878154.054098,0.732113,150.000000,1433.000000,250.000000,1501.000000,0.115000
11.294475,1571878154.068014,0.000000,111.000000,1427.000000,1750.000000,1507.000000,0.000000
11.305534,1571878154.079086,2.815818,39.000000,1427.000000,1750.000000,1507.000000,0.115000
11.317262,1571878154.090796,1.291964,170.000000,1428.000000,1750.000000,1507.000000,0.230000
11.330235,1571878154.103780,1.291964,170.000000,1434.000000,250.000000,1501.000000,0.230000
11.340355,1571878154.113881,1.291964,170.000000,1434.000000,250.000000,1501.000000,0.230000
11.350421,1571878154.123961,-0.000000,-53.000000,1434.000000,250.000000,1501.000000,0.000000
11.364612,1571878154.138198,-0.000000,-46.000000,1434.000000,250.000000,1501.000000,0.000000
11.375646,1571878154.149202,-0.000000,-39.000000,1428.000000,1750.000000,1507.000000,0.000000
11.385870,1571878154.159406,-0.000000,-31.000000,1428.000000,1750.000000,1507.000000,0.000000
11.407751,1571878154.181289,1.845662,119.000000,1434.000000,3250.000000,1513.000000,0.230000
11.415326,1571878154.188855,9.228312,119.000000,1434.000000,3250.000000,1513.000000,1.150000
11.433535,1571878154.207067,7.382649,119.000000,1428.000000,5000.000000,1520.000000,0.920000
11.442958,1571878154.216491,6.335591,104.000000,1428.000000,5000.000000,1520.000000,0.690000
11.450384,1571878154.223935,5.779837,171.000000,1434.000000,5000.000000,1520.000000,1.035000
11.472043,1571878154.245589,3.278117,201.000000,1434.000000,3750.000000,1515.000000,0.690000
11.484456,1571878154.257989,2.153273,204.000000,1434.000000,3750.000000,1515.000000,0.460000
11.494685,1571878154.268215,3.368063,296.000000,1429.000000,3750.000000,1515.000000,1.044000
11.502819,1571878154.276350,1.484012,296.000000,1429.000000,3750.000000,1515.000000,0.460000
11.516191,1571878154.289724,2.287852,336.000000,1428.000000,5500.000000,1522.000000,0.805000
11.526152,1571878154.299692,2.287852,336.000000,1428.000000,5500.000000,1522.000000,0.805000
11.549906,1571878154.323433,1.742478,445.000000,1433.000000,6500.000000,1526.000000,0.812000
11.560411,1571878154.333984,0.740339,445.000000,1433.000000,6500.000000,1526.000000,0.345000
11.570463,1571878154.343987,1.767677,497.000000,1428.000000,9750.000000,1539.000000,0.920000
11.579164,1571878154.352687,2.320076,568.000000,1428.000000,9750.000000,1539.000000,1.380000
11.588723,1571878154.362248,2.815818,624.000000,1433.000000,10250.000000,1541.000000,1.840000
11.600931,1571878154.374469,2.998901,769.000000,1433.000000,10250.000000,1541.000000,2.415000
11.614937,1571878154.388474,2.583927,850.000000,1434.000000,9250.000000,1537.000000,2.300000
11.631170,1571878154.404689,1.724309,1019.000000,1427.000000,10750.000000,1543.000000,1.840000
11.655235,1571878154.428775,1.670925,1183.000000,1428.000000,10500.000000,1542.000000,2.070000
11.678599,1571878154.452167,1.229294,1340.000000,1434.000000,9250.000000,1537.000000,1.725000
11.691422,1571878154.464996,0.633407,1387.000000,1433.000000,9500.000000,1538.000000,0.920000
11.704983,1571878154.478506,0.781615,1405.000000,1433.000000,9500.000000,1538.000000,1.150000
11.715258,1571878154.488787,0.685404,1442.000000,1427.000000,11250.000000,1545.000000,1.035000
11.728362,1571878154.501893,1.214285,1447.000000,1427.000000,11250.000000,1545.000000,1.840000
11.746278,1571878154.519811,0.837764,1573.000000,1434.000000,11750.000000,1547.000000,1.380000
11.755743,1571878154.529265,0.739734,1633.000000,1433.000000,10250.000000,1541.000000,1.265000
11.768864,1571878154.542421,0.395974,1664.000000,1433.000000,10250.000000,1541.000000,0.690000
11.779010,1571878154.552550,0.661719,1674.000000,1427.000000,12000.000000,1548.000000,1.160000
11.790324,1571878154.563849,1.312814,1673.000000,1433.000000,13000.000000,1552.000000,2.300000
11.799385,1571878154.572916,0.760856,1732.000000,1433.000000,13000.000000,1552.000000,1.380000
11.809798,1571878154.583326,0.734561,1794.000000,1433.000000,12250.000000,1549.000000,1.380000
