current_time,tau,rpm,steering PWM,Dutycycle,P_motor,
0.078947,0.000000,0.000000,1500.000000,0.000000,0.000000
0.091353,8.369837,353.000000,1500.000000,0.000000,3.094000
0.101263,-1.451804,861.000000,1500.000000,0.000000,-1.309000
0.112231,-0.428817,1060.000000,1500.000000,0.000000,-0.476000
0.121782,0.000000,1109.000000,1500.000000,0.000000,0.000000
0.134343,0.000000,984.000000,1500.000000,0.000000,0.000000
0.144393,0.000000,626.000000,1500.000000,0.000000,0.000000
0.154131,0.000000,589.000000,1500.000000,0.000000,0.000000
0.165665,0.000000,455.000000,1500.000000,0.000000,0.000000
0.175471,0.000000,427.000000,1500.000000,0.000000,0.000000
0.185449,0.000000,367.000000,1500.000000,0.000000,0.000000
0.200046,0.000000,316.000000,1500.000000,0.000000,0.000000
0.212872,0.000000,254.000000,1500.000000,0.000000,0.000000
0.232267,0.000000,187.000000,1500.000000,0.000000,0.000000
0.248912,0.000000,156.000000,1500.000000,0.000000,0.000000
0.260381,0.000000,122.000000,1500.000000,0.000000,0.000000
0.271033,0.000000,102.000000,1500.000000,0.000000,0.000000
0.281718,0.000000,20.000000,1500.000000,0.000000,0.000000
0.293334,0.000000,17.000000,1500.000000,0.000000,0.000000
0.303805,0.000000,15.000000,1500.000000,0.000000,0.000000
0.313255,0.000000,12.000000,1500.000000,0.000000,0.000000
0.322917,0.000000,11.000000,1500.000000,0.000000,0.000000
0.333196,0.000000,9.000000,1500.000000,0.000000,0.000000
0.343000,0.000000,8.000000,1500.000000,0.000000,0.000000
0.353038,0.000000,7.000000,1500.000000,0.000000,0.000000
0.363527,0.000000,6.000000,1500.000000,0.000000,0.000000
0.374534,0.000000,5.000000,1500.000000,0.000000,0.000000
0.383928,0.000000,4.000000,1500.000000,0.000000,0.000000
0.393845,0.000000,3.000000,1500.000000,0.000000,0.000000
0.403086,0.000000,3.000000,1500.000000,0.000000,0.000000
0.412172,0.000000,2.000000,1500.000000,0.000000,0.000000
0.421970,0.000000,2.000000,1500.000000,0.000000,0.000000
0.431238,0.000000,2.000000,1500.000000,0.000000,0.000000
0.440848,0.000000,1.000000,1500.000000,0.000000,0.000000
0.450912,0.000000,1.000000,1500.000000,0.000000,0.000000
0.460380,0.000000,1.000000,1500.000000,0.000000,0.000000
0.469735,0.000000,1.000000,1500.000000,0.000000,0.000000
0.479144,0.000000,1.000000,1500.000000,0.000000,0.000000
0.488861,0.000000,0.000000,1500.000000,0.000000,0.000000
0.494067,0.000000,0.000000,1500.000000,0.000000,0.000000
0.507201,0.000000,0.000000,1500.000000,0.000000,0.000000
0.517017,0.000000,0.000000,1500.000000,0.000000,0.000000
0.527045,0.000000,0.000000,1500.000000,0.000000,0.000000
0.536473,0.000000,0.000000,1500.000000,0.000000,0.000000
0.546556,0.000000,0.000000,1500.000000,0.000000,0.000000
0.556101,0.000000,0.000000,1500.000000,0.000000,0.000000
0.564930,0.000000,0.000000,1500.000000,0.000000,0.000000
0.573756,0.000000,0.000000,1500.000000,0.000000,0.000000
0.583581,0.000000,0.000000,1500.000000,0.000000,0.000000
0.592649,0.000000,0.000000,1500.000000,0.000000,0.000000
0.602140,0.000000,0.000000,1500.000000,0.000000,0.000000
0.611548,0.000000,0.000000,1500.000000,0.000000,0.000000
0.621018,0.000000,0.000000,1500.000000,0.000000,0.000000
0.630093,0.000000,0.000000,1500.000000,0.000000,0.000000
0.639321,0.000000,0.000000,1500.000000,0.000000,0.000000
0.648851,0.000000,0.000000,1500.000000,0.000000,0.000000
0.657717,0.000000,0.000000,1500.000000,0.000000,0.000000
0.666251,0.000000,0.000000,1500.000000,0.000000,0.000000
0.676686,0.000000,0.000000,1500.000000,0.000000,0.000000
0.686278,0.000000,0.000000,1500.000000,0.000000,0.000000
0.696170,0.000000,0.000000,1500.000000,0.000000,0.000000
0.708572,0.000000,0.000000,1500.000000,0.000000,0.000000
0.718443,0.000000,0.000000,1500.000000,0.000000,0.000000
0.727169,0.000000,0.000000,1500.000000,0.000000,0.000000
0.748416,0.000000,0.000000,1500.000000,0.000000,0.000000
0.757637,0.000000,0.000000,1500.000000,0.000000,0.000000
0.767804,0.000000,0.000000,1500.000000,0.000000,0.000000
0.777269,0.000000,0.000000,1500.000000,0.000000,0.000000
0.786656,0.000000,0.000000,1500.000000,0.000000,0.000000
0.797401,0.000000,0.000000,1500.000000,0.000000,0.000000
0.807478,0.000000,0.000000,1500.000000,0.000000,0.000000
0.817101,0.000000,0.000000,1500.000000,0.000000,0.000000
0.826786,0.000000,0.000000,1500.000000,0.000000,0.000000
0.832835,0.000000,0.000000,1500.000000,0.000000,0.000000
0.846155,0.000000,0.000000,1500.000000,0.000000,0.000000
0.856719,0.000000,0.000000,1500.000000,0.000000,0.000000
0.867219,0.000000,0.000000,1500.000000,0.000000,0.000000
0.876383,0.000000,0.000000,1500.000000,0.000000,0.000000
0.885294,0.000000,0.000000,1500.000000,0.000000,0.000000
0.895066,0.000000,0.000000,1500.000000,0.000000,0.000000
0.904661,0.000000,0.000000,1500.000000,0.000000,0.000000
0.914351,0.000000,0.000000,1500.000000,0.000000,0.000000
0.923503,0.000000,0.000000,1500.000000,0.000000,0.000000
0.932690,0.000000,0.000000,1500.000000,0.000000,0.000000
0.941514,0.000000,0.000000,1500.000000,0.000000,0.000000
0.950101,0.000000,0.000000,1500.000000,0.000000,0.000000
0.959529,0.000000,0.000000,1500.000000,0.000000,0.000000
0.968194,0.000000,0.000000,1500.000000,0.000000,0.000000
0.976986,0.000000,0.000000,1500.000000,0.000000,0.000000
0.986236,0.000000,0.000000,1500.000000,0.000000,0.000000
0.996239,0.000000,0.000000,1500.000000,0.000000,0.000000
1.005698,0.000000,0.000000,1500.000000,0.000000,0.000000
1.014418,0.000000,0.000000,1500.000000,0.000000,0.000000
1.023666,0.000000,0.000000,1500.000000,0.000000,0.000000
1.032334,0.000000,0.000000,1500.000000,0.000000,0.000000
1.042399,0.000000,0.000000,1500.000000,0.000000,0.000000
1.051792,0.000000,0.000000,1500.000000,0.000000,0.000000
1.060735,0.000000,0.000000,1500.000000,0.000000,0.000000
1.069398,0.000000,0.000000,1500.000000,0.000000,0.000000
1.078338,0.000000,0.000000,1500.000000,0.000000,0.000000
1.088619,0.000000,0.000000,1500.000000,0.000000,0.000000
1.097705,0.000000,0.000000,1500.000000,0.000000,0.000000
1.106556,0.000000,0.000000,1500.000000,0.000000,0.000000
1.116283,0.000000,0.000000,1500.000000,0.000000,0.000000
1.125676,0.000000,0.000000,1500.000000,0.000000,0.000000
1.134486,0.000000,0.000000,1500.000000,0.000000,0.000000
1.145013,0.000000,0.000000,1500.000000,0.000000,0.000000
1.154626,0.000000,0.000000,1500.000000,0.000000,0.000000
1.163614,0.000000,0.000000,1500.000000,0.000000,0.000000
1.172835,0.000000,0.000000,1500.000000,0.000000,0.000000
1.182009,0.000000,0.000000,1500.000000,0.000000,0.000000
1.191709,0.000000,0.000000,1500.000000,0.000000,0.000000
1.201011,0.000000,0.000000,1500.000000,0.000000,0.000000
1.211572,0.000000,0.000000,1500.000000,0.000000,0.000000
1.221038,0.000000,0.000000,1500.000000,0.000000,0.000000
1.230229,0.000000,0.000000,1500.000000,0.000000,0.000000
1.240076,0.000000,0.000000,1500.000000,0.000000,0.000000
1.249156,0.000000,0.000000,1500.000000,0.000000,0.000000
1.259113,0.000000,0.000000,1500.000000,0.000000,0.000000
1.269773,0.000000,0.000000,1500.000000,0.000000,0.000000
1.282808,0.000000,0.000000,1500.000000,0.000000,0.000000
1.291745,0.000000,0.000000,1500.000000,0.000000,0.000000
1.302126,0.000000,0.000000,1500.000000,0.000000,0.000000
1.311209,0.000000,0.000000,1500.000000,0.000000,0.000000
1.320320,0.000000,0.000000,1500.000000,0.000000,0.000000
1.329688,0.000000,0.000000,1500.000000,0.000000,0.000000
1.339432,0.000000,0.000000,1500.000000,0.000000,0.000000
1.348186,0.000000,0.000000,1500.000000,0.000000,0.000000
1.356968,0.000000,0.000000,1500.000000,0.000000,0.000000
1.366634,0.000000,0.000000,1500.000000,0.000000,0.000000
1.376382,0.000000,0.000000,1500.000000,0.000000,0.000000
1.385277,0.000000,0.000000,1500.000000,0.000000,0.000000
1.395159,0.000000,0.000000,1500.000000,0.000000,0.000000
1.404631,0.000000,0.000000,1500.000000,0.000000,0.000000
1.413440,0.000000,0.000000,1500.000000,0.000000,0.000000
1.423684,0.000000,0.000000,1500.000000,0.000000,0.000000
1.438095,0.000000,0.000000,1500.000000,0.000000,0.000000
1.447078,0.000000,0.000000,1500.000000,0.000000,0.000000
1.456357,0.000000,0.000000,1500.000000,0.000000,0.000000
1.465580,0.000000,0.000000,1500.000000,0.000000,0.000000
1.474446,0.000000,0.000000,1500.000000,0.000000,0.000000
1.483357,0.000000,0.000000,1500.000000,0.000000,0.000000
1.492844,0.000000,0.000000,1500.000000,0.000000,0.000000
1.502280,0.000000,0.000000,1500.000000,0.000000,0.000000
1.510859,0.000000,0.000000,1500.000000,0.000000,0.000000
1.520719,0.000000,0.000000,1500.000000,0.000000,0.000000
1.529779,0.000000,0.000000,1500.000000,0.000000,0.000000
1.538920,0.000000,0.000000,1500.000000,0.000000,0.000000
1.549510,0.000000,0.000000,1500.000000,0.000000,0.000000
1.558364,0.000000,0.000000,1500.000000,0.000000,0.000000
1.567561,0.000000,0.000000,1500.000000,0.000000,0.000000
1.576423,0.000000,0.000000,1500.000000,0.000000,0.000000
1.585747,0.000000,0.000000,1500.000000,0.000000,0.000000
1.595135,0.000000,0.000000,1500.000000,0.000000,0.000000
1.603976,0.000000,0.000000,1500.000000,0.000000,0.000000
1.613680,0.000000,0.000000,1500.000000,0.000000,0.000000
1.622780,0.000000,0.000000,1500.000000,0.000000,0.000000
1.631630,0.000000,0.000000,1500.000000,0.000000,0.000000
1.640761,0.000000,0.000000,1500.000000,0.000000,0.000000
1.650340,0.000000,0.000000,1500.000000,0.000000,0.000000
1.659186,0.000000,0.000000,1500.000000,0.000000,0.000000
1.667953,0.000000,0.000000,1500.000000,0.000000,0.000000
1.677562,0.000000,0.000000,1500.000000,0.000000,0.000000
1.686730,0.000000,0.000000,1500.000000,0.000000,0.000000
1.695604,0.000000,0.000000,1500.000000,0.000000,0.000000
1.705449,0.000000,0.000000,1500.000000,0.000000,0.000000
1.715398,0.000000,0.000000,1500.000000,0.000000,0.000000
1.724360,0.000000,0.000000,1500.000000,0.000000,0.000000
1.733616,0.000000,0.000000,1500.000000,0.000000,0.000000
1.743203,0.000000,0.000000,1500.000000,0.000000,0.000000
1.752192,0.000000,0.000000,1500.000000,0.000000,0.000000
1.760931,0.000000,0.000000,1500.000000,0.000000,0.000000
1.771486,0.000000,0.000000,1500.000000,0.000000,0.000000
1.780634,0.000000,0.000000,1500.000000,0.000000,0.000000
1.789866,0.000000,0.000000,1500.000000,0.000000,0.000000
1.799054,0.000000,0.000000,1500.000000,0.000000,0.000000
1.808597,0.000000,0.000000,1500.000000,0.000000,0.000000
1.818138,0.000000,0.000000,1500.000000,0.000000,0.000000
1.827784,0.000000,0.000000,1500.000000,0.000000,0.000000
1.837636,0.000000,0.000000,1500.000000,0.000000,0.000000
1.846800,0.000000,0.000000,1500.000000,0.000000,0.000000
1.858681,0.000000,0.000000,1500.000000,0.000000,0.000000
1.869558,0.000000,0.000000,1500.000000,0.000000,0.000000
1.879002,0.000000,0.000000,1500.000000,0.000000,0.000000
1.888702,0.000000,0.000000,1500.000000,0.000000,0.000000
1.898336,0.000000,0.000000,1500.000000,0.000000,0.000000
1.908834,0.000000,0.000000,1500.000000,0.000000,0.000000
1.919719,0.000000,0.000000,1500.000000,0.000000,0.000000
1.935368,0.000000,0.000000,1500.000000,0.000000,0.000000
1.949554,0.000000,0.000000,1500.000000,0.000000,0.000000
1.958848,0.000000,0.000000,1500.000000,0.000000,0.000000
1.968518,0.000000,0.000000,1500.000000,0.000000,0.000000
1.977648,0.000000,0.000000,1500.000000,0.000000,0.000000
1.986759,0.000000,0.000000,1500.000000,0.000000,0.000000
1.997496,0.000000,0.000000,1500.000000,0.000000,0.000000
2.006537,0.000000,0.000000,1500.000000,0.000000,0.000000
2.015380,0.000000,0.000000,1500.000000,0.000000,0.000000
2.025492,0.000000,0.000000,1500.000000,0.000000,0.000000
2.034678,0.000000,0.000000,1500.000000,0.000000,0.000000
2.043550,0.000000,0.000000,1500.000000,0.000000,0.000000
2.054415,0.000000,0.000000,1500.000000,0.000000,0.000000
2.064419,0.000000,0.000000,1500.000000,0.000000,0.000000
2.077611,0.000000,0.000000,1500.000000,0.000000,0.000000
2.087170,0.000000,0.000000,1500.000000,0.000000,0.000000
2.096633,0.000000,0.000000,1500.000000,0.000000,0.000000
2.106091,0.000000,0.000000,1500.000000,0.000000,0.000000
2.114782,0.000000,0.000000,1500.000000,0.000000,0.000000
2.124458,0.000000,0.000000,1500.000000,0.000000,0.000000
2.133354,0.000000,0.000000,1500.000000,0.000000,0.000000
2.142000,0.000000,0.000000,1500.000000,0.000000,0.000000
2.151115,0.000000,0.000000,1500.000000,0.000000,0.000000
2.160143,0.000000,0.000000,1500.000000,0.000000,0.000000
2.168968,0.000000,0.000000,1500.000000,0.000000,0.000000
2.177602,0.000000,0.000000,1500.000000,0.000000,0.000000
2.189037,0.000000,0.000000,1500.000000,0.000000,0.000000
2.198755,0.000000,0.000000,1500.000000,0.000000,0.000000
2.207485,0.000000,0.000000,1500.000000,0.000000,0.000000
2.216913,0.000000,0.000000,1500.000000,0.000000,0.000000
2.225712,0.000000,0.000000,1500.000000,0.000000,0.000000
2.235265,0.000000,0.000000,1500.000000,0.000000,0.000000
2.245251,0.000000,0.000000,1500.000000,0.000000,0.000000
2.254324,0.000000,0.000000,1500.000000,0.000000,0.000000
2.263171,0.000000,0.000000,1500.000000,0.000000,0.000000
2.271939,0.000000,0.000000,1500.000000,0.000000,0.000000
2.281586,0.000000,0.000000,1500.000000,0.000000,0.000000
2.290566,0.000000,0.000000,1500.000000,0.000000,0.000000
2.299267,0.000000,0.000000,1500.000000,0.000000,0.000000
2.309266,0.000000,0.000000,1500.000000,0.000000,0.000000
2.324166,0.000000,0.000000,1500.000000,0.000000,0.000000
2.334165,0.000000,0.000000,1500.000000,0.000000,0.000000
2.348553,0.000000,0.000000,1500.000000,0.000000,0.000000
2.357364,0.000000,0.000000,1500.000000,0.000000,0.000000
2.366771,0.000000,0.000000,1500.000000,0.000000,0.000000
2.376132,0.000000,0.000000,1500.000000,0.000000,0.000000
2.385073,0.000000,0.000000,1500.000000,0.000000,0.000000
2.394577,0.000000,0.000000,1500.000000,0.000000,0.000000
2.404977,0.000000,0.000000,1500.000000,0.000000,0.000000
2.415382,0.000000,0.000000,1500.000000,0.000000,0.000000
2.425609,0.000000,0.000000,1500.000000,0.000000,0.000000
2.436479,0.000000,0.000000,1500.000000,0.000000,0.000000
2.445363,0.000000,0.000000,1500.000000,0.000000,0.000000
2.454112,0.000000,0.000000,1500.000000,0.000000,0.000000
2.463899,0.000000,0.000000,1500.000000,0.000000,0.000000
2.473709,0.000000,0.000000,1500.000000,0.000000,0.000000
2.482993,0.000000,0.000000,1500.000000,0.000000,0.000000
2.492724,0.000000,0.000000,1500.000000,0.000000,0.000000
2.502602,0.000000,0.000000,1500.000000,0.000000,0.000000
2.511381,0.000000,0.000000,1500.000000,0.000000,0.000000
2.520238,0.000000,0.000000,1500.000000,0.000000,0.000000
2.526192,0.000000,0.000000,1500.000000,0.000000,0.000000
2.539542,0.000000,0.000000,1500.000000,0.000000,0.000000
2.548707,0.000000,0.000000,1500.000000,0.000000,0.000000
2.558776,0.000000,0.000000,1500.000000,0.000000,0.000000
2.567569,0.000000,0.000000,1500.000000,0.000000,0.000000
2.576532,0.000000,0.000000,1500.000000,0.000000,0.000000
2.585800,0.000000,0.000000,1500.000000,0.000000,0.000000
2.596884,0.000000,0.000000,1500.000000,0.000000,0.000000
2.607064,0.000000,0.000000,1500.000000,0.000000,0.000000
2.618122,0.000000,0.000000,1500.000000,0.000000,0.000000
2.627967,0.000000,0.000000,1500.000000,0.000000,0.000000
2.636767,0.000000,0.000000,1500.000000,0.000000,0.000000
2.645798,0.000000,0.000000,1500.000000,0.000000,0.000000
2.651413,0.000000,0.000000,1500.000000,0.000000,0.000000
2.664703,0.000000,0.000000,1500.000000,0.000000,0.000000
2.673522,0.000000,0.000000,1500.000000,0.000000,0.000000
2.683318,0.000000,0.000000,1500.000000,0.000000,0.000000
2.692476,0.000000,0.000000,1500.000000,0.000000,0.000000
2.701751,0.000000,0.000000,1500.000000,0.000000,0.000000
2.712446,0.000000,0.000000,1500.000000,0.000000,0.000000
2.722853,0.000000,0.000000,1500.000000,0.000000,0.000000
2.733722,0.000000,0.000000,1500.000000,0.000000,0.000000
2.743845,0.000000,0.000000,1500.000000,0.000000,0.000000
2.754318,0.000000,0.000000,1500.000000,0.000000,0.000000
2.764565,0.000000,0.000000,1500.000000,0.000000,0.000000
2.774770,0.000000,0.000000,1500.000000,0.000000,0.000000
2.784137,0.000000,0.000000,1500.000000,0.000000,0.000000
2.792961,0.000000,0.000000,1500.000000,0.000000,0.000000
2.802544,0.000000,0.000000,1500.000000,0.000000,0.000000
2.812632,0.000000,0.000000,1500.000000,0.000000,0.000000
2.822199,0.000000,0.000000,1500.000000,0.000000,0.000000
2.830945,0.000000,0.000000,1500.000000,0.000000,0.000000
2.840647,0.000000,0.000000,1500.000000,0.000000,0.000000
2.849590,0.000000,0.000000,1500.000000,0.000000,0.000000
2.855452,0.000000,0.000000,1500.000000,0.000000,0.000000
2.870553,0.000000,0.000000,1500.000000,0.000000,0.000000
2.883683,0.000000,0.000000,1500.000000,0.000000,0.000000
2.892524,0.000000,0.000000,1500.000000,0.000000,0.000000
2.903243,0.000000,0.000000,1500.000000,0.000000,0.000000
2.912271,0.000000,0.000000,1500.000000,0.000000,0.000000
2.921225,0.000000,0.000000,1500.000000,0.000000,0.000000
2.930470,0.000000,0.000000,1500.000000,0.000000,0.000000
2.940145,0.000000,0.000000,1500.000000,0.000000,0.000000
2.949754,0.000000,0.000000,1500.000000,0.000000,0.000000
2.959345,0.000000,0.000000,1500.000000,0.000000,0.000000
2.969044,0.000000,0.000000,1500.000000,0.000000,0.000000
2.978012,0.000000,0.000000,1500.000000,0.000000,0.000000
2.986510,0.000000,0.000000,1500.000000,0.000000,0.000000
2.995923,0.000000,0.000000,1500.000000,0.000000,0.000000
3.005150,0.000000,0.000000,1500.000000,0.000000,0.000000
3.013804,0.000000,0.000000,1500.000000,0.000000,0.000000
3.024166,0.000000,0.000000,1500.000000,0.000000,0.000000
3.035514,0.000000,0.000000,1500.000000,0.000000,0.000000
3.044691,0.000000,0.000000,1500.000000,0.000000,0.000000
3.053789,0.000000,0.000000,1500.000000,0.000000,0.000000
3.064811,0.000000,0.000000,1500.000000,0.000000,0.000000
3.073668,0.000000,0.000000,1500.000000,0.000000,0.000000
3.083042,0.000000,0.000000,1500.000000,0.000000,0.000000
3.093602,0.000000,0.000000,1500.000000,0.000000,0.000000
3.102534,0.000000,0.000000,1500.000000,0.000000,0.000000
3.112665,0.000000,0.000000,1500.000000,0.000000,0.000000
3.122054,0.000000,0.000000,1500.000000,0.000000,0.000000
3.131022,0.000000,0.000000,1500.000000,0.000000,0.000000
3.140563,0.000000,0.000000,1500.000000,0.000000,0.000000
3.146643,0.000000,0.000000,1500.000000,0.000000,0.000000
3.161885,0.000000,0.000000,1500.000000,0.000000,0.000000
3.171871,0.000000,0.000000,1500.000000,0.000000,0.000000
3.182992,0.000000,0.000000,1500.000000,0.000000,0.000000
3.192932,0.000000,0.000000,1500.000000,0.000000,0.000000
3.205548,0.000000,0.000000,1500.000000,0.000000,0.000000
3.215467,0.000000,0.000000,1500.000000,0.000000,0.000000
3.224840,0.000000,0.000000,1500.000000,0.000000,0.000000
3.233866,0.000000,0.000000,1500.000000,0.000000,0.000000
3.243119,0.000000,0.000000,1500.000000,0.000000,0.000000
3.252695,0.000000,0.000000,1500.000000,0.000000,0.000000
3.261533,0.000000,0.000000,1500.000000,0.000000,0.000000
3.270329,0.000000,0.000000,1500.000000,0.000000,0.000000
3.279944,0.000000,0.000000,1500.000000,0.000000,0.000000
3.288917,0.000000,0.000000,1500.000000,0.000000,0.000000
3.297530,0.000000,0.000000,1500.000000,0.000000,0.000000
3.306696,0.000000,0.000000,1500.000000,0.000000,0.000000
3.316441,0.000000,0.000000,1500.000000,0.000000,0.000000
3.325371,0.000000,0.000000,1500.000000,0.000000,0.000000
3.334241,0.000000,0.000000,1500.000000,0.000000,0.000000
3.344154,0.000000,0.000000,1500.000000,0.000000,0.000000
3.352914,0.000000,0.000000,1500.000000,0.000000,0.000000
3.361762,0.000000,0.000000,1500.000000,0.000000,0.000000
3.372494,0.000000,0.000000,1500.000000,0.000000,0.000000
3.381469,0.000000,0.000000,1500.000000,0.000000,0.000000
3.390316,0.000000,0.000000,1500.000000,0.000000,0.000000
3.400526,0.000000,0.000000,1500.000000,0.000000,0.000000
3.410174,0.000000,0.000000,1500.000000,0.000000,0.000000
3.419138,0.000000,0.000000,1500.000000,0.000000,0.000000
3.427947,0.000000,0.000000,1500.000000,0.000000,0.000000
3.438978,0.000000,0.000000,1500.000000,0.000000,0.000000
3.449543,0.000000,0.000000,1500.000000,0.000000,0.000000
3.459023,0.000000,0.000000,1500.000000,0.000000,0.000000
3.469932,0.000000,0.000000,1500.000000,0.000000,0.000000
3.479339,0.000000,0.000000,1500.000000,0.000000,0.000000
3.488473,0.000000,0.000000,1500.000000,0.000000,0.000000
3.499157,0.000000,0.000000,1500.000000,0.000000,0.000000
3.508649,0.000000,0.000000,1500.000000,0.000000,0.000000
3.517711,0.000000,0.000000,1500.000000,0.000000,0.000000
3.527120,0.000000,0.000000,1500.000000,0.000000,0.000000
3.536667,0.000000,0.000000,1500.000000,0.000000,0.000000
3.545686,0.000000,0.000000,1500.000000,0.000000,0.000000
3.555085,0.000000,0.000000,1500.000000,0.000000,0.000000
3.564872,0.000000,0.000000,1500.000000,0.000000,0.000000
3.573688,0.000000,0.000000,1500.000000,0.000000,0.000000
3.582552,0.000000,0.000000,1500.000000,0.000000,0.000000
3.592752,0.000000,0.000000,1500.000000,0.000000,0.000000
3.602169,0.000000,0.000000,1500.000000,0.000000,0.000000
3.611132,0.000000,0.000000,1500.000000,0.000000,0.000000
3.621038,0.000000,0.000000,1500.000000,0.000000,0.000000
3.630252,0.000000,0.000000,1500.000000,0.000000,0.000000
3.639169,0.000000,0.000000,1500.000000,0.000000,0.000000
3.648525,0.000000,0.000000,1500.000000,0.000000,0.000000
3.658244,0.000000,0.000000,1500.000000,0.000000,0.000000
3.666956,0.000000,0.000000,1500.000000,0.000000,0.000000
3.675834,0.000000,0.000000,1500.000000,0.000000,0.000000
3.685930,0.000000,0.000000,1500.000000,0.000000,0.000000
3.694889,0.000000,0.000000,1500.000000,0.000000,0.000000
3.703694,0.000000,0.000000,1500.000000,0.000000,0.000000
3.713298,0.000000,0.000000,1500.000000,0.000000,0.000000
3.723111,0.000000,0.000000,1500.000000,0.000000,0.000000
3.732296,0.000000,0.000000,1500.000000,0.000000,0.000000
3.741883,0.000000,0.000000,1500.000000,0.000000,0.000000
3.751539,0.000000,0.000000,1500.000000,0.000000,0.000000
3.764437,0.000000,0.000000,1500.000000,0.000000,0.000000
3.773655,0.000000,0.000000,1500.000000,0.000000,0.000000
3.783526,0.000000,0.000000,1500.000000,0.000000,0.000000
3.792441,0.000000,0.000000,1500.000000,0.000000,0.000000
3.801082,0.000000,0.000000,1500.000000,0.000000,0.000000
3.810838,0.000000,0.000000,1500.000000,0.000000,0.000000
3.820116,0.000000,0.000000,1500.000000,0.000000,0.000000
3.829210,0.000000,0.000000,1500.000000,0.000000,0.000000
3.838384,0.000000,0.000000,1500.000000,0.000000,0.000000
3.847872,0.000000,0.000000,1500.000000,0.000000,0.000000
3.861828,0.000000,0.000000,1500.000000,0.000000,0.000000
3.877312,0.000000,0.000000,1500.000000,0.000000,0.000000
3.887135,0.000000,0.000000,1500.000000,0.000000,0.000000
3.896277,0.000000,0.000000,1500.000000,0.000000,0.000000
3.905408,0.000000,0.000000,1500.000000,0.000000,0.000000
3.911015,0.000000,0.000000,1500.000000,0.000000,0.000000
3.924311,0.000000,0.000000,1500.000000,0.000000,0.000000
3.934151,0.000000,0.000000,1500.000000,0.000000,0.000000
3.943798,0.000000,0.000000,1500.000000,0.000000,0.000000
3.952495,0.000000,0.000000,1500.000000,0.000000,0.000000
3.961880,0.000000,0.000000,1500.000000,0.000000,0.000000
3.971665,0.000000,0.000000,1500.000000,0.000000,0.000000
3.980819,0.000000,0.000000,1500.000000,0.000000,0.000000
3.990339,0.000000,0.000000,1500.000000,0.000000,0.000000
4.001117,0.000000,0.000000,1500.000000,0.000000,0.000000
4.010782,0.000000,0.000000,1500.000000,0.000000,0.000000
4.019904,0.000000,0.000000,1500.000000,0.000000,0.000000
4.029834,0.000000,0.000000,1500.000000,0.000000,0.000000
4.038928,0.000000,0.000000,1500.000000,0.000000,0.000000
4.047737,0.000000,0.000000,1500.000000,0.000000,0.000000
4.056792,0.000000,0.000000,1500.000000,0.000000,0.000000
4.066590,0.000000,0.000000,1500.000000,0.000000,0.000000
4.077700,0.000000,0.000000,1500.000000,0.000000,0.000000
4.086881,0.000000,0.000000,1500.000000,0.000000,0.000000
4.096793,0.000000,0.000000,1500.000000,0.000000,0.000000
4.105749,0.000000,0.000000,1500.000000,0.000000,0.000000
4.114419,0.000000,0.000000,1500.000000,0.000000,0.000000
4.124073,0.000000,0.000000,1500.000000,0.000000,0.000000
4.132759,0.000000,0.000000,1500.000000,0.000000,0.000000
4.142186,0.000000,0.000000,1500.000000,0.000000,0.000000
4.151467,0.000000,0.000000,1500.000000,0.000000,0.000000
4.160493,0.000000,0.000000,1500.000000,0.000000,0.000000
4.169212,0.000000,0.000000,1500.000000,0.000000,0.000000
4.178294,0.000000,0.000000,1500.000000,0.000000,0.000000
4.188056,0.000000,0.000000,1500.000000,0.000000,0.000000
4.196746,0.000000,0.000000,1500.000000,0.000000,0.000000
4.205564,0.000000,0.000000,1500.000000,0.000000,0.000000
4.214933,0.000000,0.000000,1500.000000,0.000000,0.000000
4.224117,0.000000,0.000000,1500.000000,0.000000,0.000000
4.232831,0.000000,0.000000,1500.000000,0.000000,0.000000
4.241833,0.000000,0.000000,1500.000000,0.000000,0.000000
4.252724,0.000000,0.000000,1500.000000,0.000000,0.000000
4.261698,0.000000,0.000000,1500.000000,0.000000,0.000000
4.270952,0.000000,0.000000,1500.000000,0.000000,0.000000
4.283284,0.000000,0.000000,1500.000000,0.000000,0.000000
4.292290,0.000000,0.000000,1500.000000,0.000000,0.000000
4.301390,0.000000,0.000000,1500.000000,0.000000,0.000000
4.311148,0.000000,0.000000,1500.000000,0.000000,0.000000
4.320374,0.000000,0.000000,1500.000000,0.000000,0.000000
4.330968,0.000000,0.000000,1500.000000,0.000000,0.000000
4.341681,0.000000,0.000000,1500.000000,0.000000,0.000000
4.347450,0.000000,0.000000,1500.000000,0.000000,0.000000
4.360588,0.000000,0.000000,1500.000000,0.000000,0.000000
4.370045,0.000000,0.000000,1500.000000,0.000000,0.000000
4.379714,0.000000,0.000000,1500.000000,0.000000,0.000000
4.388684,0.000000,0.000000,1500.000000,0.000000,0.000000
4.398676,0.000000,0.000000,1500.000000,0.000000,0.000000
4.408790,0.000000,0.000000,1500.000000,0.000000,0.000000
4.417733,0.000000,0.000000,1500.000000,0.000000,0.000000
4.426604,0.000000,0.000000,1500.000000,0.000000,0.000000
4.436681,0.000000,0.000000,1500.000000,0.000000,0.000000
4.445961,0.000000,0.000000,1500.000000,0.000000,0.000000
4.454863,0.000000,0.000000,1500.000000,0.000000,0.000000
4.464207,0.000000,0.000000,1500.000000,0.000000,0.000000
4.473540,0.000000,0.000000,1500.000000,0.000000,0.000000
4.482664,0.000000,0.000000,1500.000000,0.000000,0.000000
4.491718,0.000000,0.000000,1500.000000,0.000000,0.000000
4.501729,0.000000,0.000000,1500.000000,0.000000,0.000000
4.510759,0.000000,0.000000,1500.000000,0.000000,0.000000
4.519303,0.000000,0.000000,1500.000000,0.000000,0.000000
4.529017,0.000000,0.000000,1500.000000,0.000000,0.000000
4.538092,0.000000,0.000000,1500.000000,0.000000,0.000000
4.546952,0.000000,0.000000,1500.000000,0.000000,0.000000
4.555950,0.000000,0.000000,1500.000000,0.000000,0.000000
4.565346,0.000000,0.000000,1500.000000,0.000000,0.000000
4.574026,0.000000,0.000000,1500.000000,0.000000,0.000000
4.582840,0.000000,0.000000,1500.000000,0.000000,0.000000
4.592333,0.000000,0.000000,1500.000000,0.000000,0.000000
4.601933,0.000000,0.000000,1500.000000,0.000000,0.000000
4.610709,0.000000,0.000000,1500.000000,0.000000,0.000000
4.621211,0.000000,0.000000,1500.000000,0.000000,0.000000
4.630463,0.000000,0.000000,1500.000000,0.000000,0.000000
4.639328,0.000000,0.000000,1500.000000,0.000000,0.000000
4.648591,0.000000,0.000000,1500.000000,0.000000,0.000000
4.658389,0.000000,0.000000,1500.000000,0.000000,0.000000
4.667592,0.000000,0.000000,1500.000000,0.000000,0.000000
4.677077,0.000000,0.000000,1500.000000,0.000000,0.000000
4.687300,0.000000,0.000000,1500.000000,0.000000,0.000000
4.698954,0.000000,0.000000,1500.000000,0.000000,0.000000
4.708398,0.000000,0.000000,1500.000000,0.000000,0.000000
4.718622,0.000000,0.000000,1500.000000,0.000000,0.000000
4.728163,0.000000,0.000000,1500.000000,0.000000,0.000000
4.737272,0.000000,0.000000,1500.000000,0.000000,0.000000
4.747447,0.000000,0.000000,1500.000000,0.000000,0.000000
4.756978,0.000000,0.000000,1500.000000,0.000000,0.000000
4.765653,0.000000,0.000000,1500.000000,0.000000,0.000000
4.774773,0.000000,0.000000,1500.000000,0.000000,0.000000
4.784215,0.000000,0.000000,1500.000000,0.000000,0.000000
4.793105,0.000000,0.000000,1500.000000,0.000000,0.000000
4.801896,0.000000,0.000000,1500.000000,0.000000,0.000000
4.811807,0.000000,0.000000,1500.000000,0.000000,0.000000
4.821540,0.000000,0.000000,1500.000000,0.000000,0.000000
4.831058,0.000000,0.000000,1500.000000,0.000000,0.000000
4.842126,0.000000,0.000000,1500.000000,0.000000,0.000000
4.856373,0.000000,0.000000,1500.000000,0.000000,0.000000
4.865749,0.000000,0.000000,1500.000000,0.000000,0.000000
4.875373,0.000000,0.000000,1500.000000,0.000000,0.000000
4.884253,0.000000,0.000000,1500.000000,0.000000,0.000000
4.893893,0.000000,0.000000,1500.000000,0.000000,0.000000
4.904164,0.000000,0.000000,1500.000000,0.000000,0.000000
4.913182,0.000000,0.000000,1500.000000,0.000000,0.000000
4.922038,0.000000,0.000000,1500.000000,0.000000,0.000000
4.932311,0.000000,0.000000,1500.000000,0.000000,0.000000
4.941954,0.000000,0.000000,1500.000000,0.000000,0.000000
4.950646,0.000000,0.000000,1500.000000,0.000000,0.000000
4.959424,0.000000,0.000000,1500.000000,0.000000,0.000000
4.968957,0.000000,0.000000,1500.000000,0.000000,0.000000
4.977658,0.000000,0.000000,1500.000000,0.000000,0.000000
4.986359,0.000000,0.000000,1500.000000,0.000000,0.000000
4.996109,0.000000,0.000000,1500.000000,0.000000,0.000000
5.005435,0.000000,0.000000,1500.000000,0.000000,0.000000
5.014242,0.000000,0.000000,1500.000000,0.000000,0.000000
5.024492,0.000000,0.000000,1500.000000,0.000000,0.000000
5.034203,0.000000,0.000000,1500.000000,0.000000,0.000000
5.043909,0.000000,0.000000,1500.000000,0.000000,0.000000
5.053431,0.000000,0.000000,1500.000000,0.000000,0.000000
5.065749,0.000000,0.000000,1500.000000,0.000000,0.000000
5.075081,0.000000,0.000000,1500.000000,0.000000,0.000000
5.085614,0.000000,0.000000,1500.000000,0.000000,0.000000
5.095188,0.000000,0.000000,1500.000000,0.000000,0.000000
5.105409,0.000000,0.000000,1500.000000,0.000000,0.000000
5.114315,0.000000,0.000000,1500.000000,0.000000,0.000000
5.125005,0.000000,0.000000,1500.000000,0.000000,0.000000
5.133896,0.000000,0.000000,1500.000000,0.000000,0.000000
5.142738,0.000000,0.000000,1500.000000,0.000000,0.000000
5.152085,0.000000,0.000000,1500.000000,0.000000,0.000000
5.161524,0.000000,0.000000,1500.000000,0.000000,0.000000
5.170410,0.000000,0.000000,1500.000000,0.000000,0.000000
5.179274,0.000000,0.000000,1500.000000,0.000000,0.000000
5.189636,0.000000,0.000000,1500.000000,0.000000,0.000000
5.198517,0.000000,0.000000,1500.000000,0.000000,0.000000
5.207410,0.000000,0.000000,1500.000000,0.000000,0.000000
5.217266,0.000000,0.000000,1500.000000,0.000000,0.000000
5.226434,0.000000,0.000000,1500.000000,0.000000,0.000000
5.235171,0.000000,0.000000,1500.000000,0.000000,0.000000
5.245061,0.000000,0.000000,1500.000000,0.000000,0.000000
5.255257,0.000000,0.000000,1500.000000,0.000000,0.000000
5.264754,0.000000,0.000000,1500.000000,0.000000,0.000000
5.273640,0.000000,0.000000,1500.000000,0.000000,0.000000
5.283146,0.000000,0.000000,1500.000000,0.000000,0.000000
5.292187,0.000000,0.000000,1500.000000,0.000000,0.000000
5.301206,0.000000,0.000000,1500.000000,0.000000,0.000000
5.312964,0.000000,0.000000,1500.000000,0.000000,0.000000
5.328148,0.000000,0.000000,1500.000000,0.000000,0.000000
5.337951,0.000000,0.000000,1500.000000,0.000000,0.000000
5.343816,0.000000,0.000000,1500.000000,0.000000,0.000000
5.357363,0.000000,0.000000,1500.000000,0.000000,0.000000
5.366444,0.000000,0.000000,1500.000000,0.000000,0.000000
5.376586,0.000000,0.000000,1500.000000,0.000000,0.000000
5.385782,0.000000,0.000000,1500.000000,0.000000,0.000000
5.394841,0.000000,0.000000,1500.000000,0.000000,0.000000
5.405127,0.000000,0.000000,1500.000000,0.000000,0.000000
5.419917,0.000000,0.000000,1500.000000,0.000000,0.000000
5.429096,0.000000,0.000000,1500.000000,0.000000,0.000000
5.439169,0.000000,0.000000,1500.000000,0.000000,0.000000
5.448771,0.000000,0.000000,1500.000000,0.000000,0.000000
5.457742,0.000000,0.000000,1500.000000,0.000000,0.000000
5.469128,0.000000,0.000000,1500.000000,0.000000,0.000000
5.478346,0.000000,0.000000,1500.000000,0.000000,0.000000
5.488441,0.000000,0.000000,1500.000000,0.000000,0.000000
5.498894,0.000000,0.000000,1500.000000,0.000000,0.000000
5.508227,0.000000,0.000000,1500.000000,0.000000,0.000000
5.517179,0.000000,0.000000,1500.000000,0.000000,0.000000
5.526256,0.000000,0.000000,1500.000000,0.000000,0.000000
5.536061,0.000000,0.000000,1500.000000,0.000000,0.000000
5.544927,0.000000,0.000000,1500.000000,0.000000,0.000000
5.553557,0.000000,0.000000,1500.000000,0.000000,0.000000
5.563321,0.000000,0.000000,1500.000000,0.000000,0.000000
5.572807,0.000000,0.000000,1500.000000,0.000000,0.000000
5.581588,0.000000,0.000000,1500.000000,0.000000,0.000000
5.591604,0.000000,0.000000,1500.000000,0.000000,0.000000
5.601427,0.000000,0.000000,1500.000000,0.000000,0.000000
5.610156,0.000000,0.000000,1500.000000,0.000000,0.000000
5.618726,0.000000,0.000000,1500.000000,0.000000,0.000000
5.628417,0.000000,0.000000,1500.000000,0.000000,0.000000
5.637385,0.000000,0.000000,1500.000000,0.000000,0.000000
5.646256,0.000000,0.000000,1500.000000,0.000000,0.000000
5.655974,0.000000,0.000000,1500.000000,0.000000,0.000000
5.665908,0.000000,0.000000,1500.000000,0.000000,0.000000
5.675069,0.000000,0.000000,1500.000000,0.000000,0.000000
5.684525,0.000000,0.000000,1500.000000,0.000000,0.000000
5.695287,0.000000,0.000000,1500.000000,0.000000,0.000000
5.704250,0.000000,0.000000,1500.000000,0.000000,0.000000
5.714460,0.000000,0.000000,1500.000000,0.000000,0.000000
5.724121,0.000000,0.000000,1500.000000,0.000000,0.000000
5.732797,0.000000,0.000000,1500.000000,0.000000,0.000000
5.741565,0.000000,0.000000,1500.000000,0.000000,0.000000
5.750628,0.000000,0.000000,1500.000000,0.000000,0.000000
5.760425,0.000000,0.000000,1500.000000,0.000000,0.000000
5.769072,0.000000,0.000000,1500.000000,0.000000,0.000000
5.778158,0.000000,0.000000,1500.000000,0.000000,0.000000
5.788328,0.000000,0.000000,1500.000000,0.000000,0.000000
5.797120,0.000000,0.000000,1500.000000,0.000000,0.000000
5.805775,0.000000,0.000000,1500.000000,0.000000,0.000000
5.815976,0.000000,0.000000,1500.000000,0.000000,0.000000
5.825207,0.000000,0.000000,1500.000000,0.000000,0.000000
5.834159,0.000000,0.000000,1500.000000,0.000000,0.000000
5.843695,0.000000,0.000000,1500.000000,0.000000,0.000000
5.853172,0.000000,0.000000,1500.000000,0.000000,0.000000
5.864758,0.000000,0.000000,1500.000000,0.000000,0.000000
5.874236,0.000000,0.000000,1500.000000,0.000000,0.000000
5.883559,0.000000,0.000000,1500.000000,0.000000,0.000000
5.892851,0.000000,0.000000,1500.000000,0.000000,0.000000
5.901857,0.000000,0.000000,1500.000000,0.000000,0.000000
5.911537,0.000000,0.000000,1500.000000,0.000000,0.000000
5.920635,0.000000,0.000000,1500.000000,0.000000,0.000000
5.929536,0.000000,0.000000,1500.000000,0.000000,0.000000
5.940118,0.000000,0.000000,1500.000000,0.000000,0.000000
5.949173,0.000000,0.000000,1500.000000,0.000000,0.000000
5.958023,0.000000,0.000000,1500.000000,0.000000,0.000000
5.967097,0.000000,0.000000,1500.000000,0.000000,0.000000
5.977832,0.000000,0.000000,1500.000000,0.000000,0.000000
5.986535,0.000000,0.000000,1500.000000,0.000000,0.000000
5.995282,0.000000,0.000000,1500.000000,0.000000,0.000000
6.004684,0.000000,0.000000,1500.000000,0.000000,0.000000
6.013533,0.000000,0.000000,1500.000000,0.000000,0.000000
6.022173,0.000000,0.000000,1500.000000,0.000000,0.000000
6.031439,0.000000,0.000000,1500.000000,0.000000,0.000000
6.040688,0.000000,0.000000,1500.000000,0.000000,0.000000
6.049601,0.000000,0.000000,1500.000000,0.000000,0.000000
6.058688,0.000000,0.000000,1500.000000,0.000000,0.000000
6.068557,0.000000,0.000000,1500.000000,0.000000,0.000000
6.077518,0.000000,0.000000,1500.000000,0.000000,0.000000
6.086487,0.000000,0.000000,1500.000000,0.000000,0.000000
6.098223,0.000000,0.000000,1500.000000,0.000000,0.000000
6.107785,0.000000,0.000000,1500.000000,0.000000,0.000000
6.116508,0.000000,0.000000,1500.000000,0.000000,0.000000
6.125824,0.000000,0.000000,1500.000000,0.000000,0.000000
6.135506,0.000000,0.000000,1500.000000,0.000000,0.000000
6.144398,0.000000,0.000000,1500.000000,0.000000,0.000000
6.153202,0.000000,0.000000,1500.000000,0.000000,0.000000
6.162955,0.000000,0.000000,1500.000000,0.000000,0.000000
6.172107,0.000000,0.000000,1500.000000,0.000000,0.000000
6.181100,0.000000,0.000000,1500.000000,0.000000,0.000000
6.191149,0.000000,0.000000,1500.000000,0.000000,0.000000
6.200250,0.000000,0.000000,1500.000000,0.000000,0.000000
6.209895,0.000000,0.000000,1500.000000,0.000000,0.000000
6.219316,0.000000,0.000000,1500.000000,0.000000,0.000000
6.229476,0.000000,0.000000,1500.000000,0.000000,0.000000
6.238627,0.000000,0.000000,1500.000000,0.000000,0.000000
6.247517,0.000000,0.000000,1500.000000,0.000000,0.000000
6.256963,0.000000,0.000000,1500.000000,0.000000,0.000000
6.266394,0.000000,0.000000,1500.000000,0.000000,0.000000
6.275551,0.000000,0.000000,1500.000000,0.000000,0.000000
6.285322,0.000000,0.000000,1500.000000,0.000000,0.000000
6.294446,0.000000,0.000000,1500.000000,0.000000,0.000000
6.303064,0.000000,0.000000,1500.000000,0.000000,0.000000
6.312241,0.000000,0.000000,1500.000000,0.000000,0.000000
6.321993,0.000000,0.000000,1500.000000,0.000000,0.000000
6.330681,0.000000,0.000000,1500.000000,0.000000,0.000000
6.339432,0.000000,0.000000,1500.000000,0.000000,0.000000
6.350307,0.000000,0.000000,1500.000000,0.000000,0.000000
6.359576,0.000000,0.000000,1500.000000,0.000000,0.000000
6.368320,0.000000,0.000000,1500.000000,0.000000,0.000000
6.377589,0.000000,0.000000,1500.000000,0.000000,0.000000
6.387388,0.000000,0.000000,1500.000000,0.000000,0.000000
6.396660,0.000000,0.000000,1500.000000,0.000000,0.000000
6.405440,0.000000,0.000000,1500.000000,0.000000,0.000000
6.416389,0.000000,0.000000,1500.000000,0.000000,0.000000
6.425478,0.000000,0.000000,1500.000000,0.000000,0.000000
6.435481,0.000000,0.000000,1500.000000,0.000000,0.000000
6.445182,0.000000,0.000000,1500.000000,0.000000,0.000000
6.454024,0.000000,0.000000,1500.000000,0.000000,0.000000
6.462946,0.000000,0.000000,1500.000000,0.000000,0.000000
6.472495,0.000000,0.000000,1500.000000,0.000000,0.000000
6.481650,0.000000,0.000000,1500.000000,0.000000,0.000000
6.490581,0.000000,0.000000,1500.000000,0.000000,0.000000
6.499348,0.000000,0.000000,1500.000000,0.000000,0.000000
6.509179,0.000000,0.000000,1500.000000,0.000000,0.000000
6.517995,0.000000,0.000000,1500.000000,0.000000,0.000000
6.526781,0.000000,0.000000,1500.000000,0.000000,0.000000
6.536397,0.000000,0.000000,1500.000000,0.000000,0.000000
6.545618,0.000000,0.000000,1500.000000,0.000000,0.000000
6.554508,0.000000,0.000000,1500.000000,0.000000,0.000000
6.563483,0.000000,0.000000,1500.000000,0.000000,0.000000
6.573542,0.000000,0.000000,1500.000000,0.000000,0.000000
6.582338,0.000000,0.000000,1500.000000,0.000000,0.000000
6.591065,0.000000,0.000000,1500.000000,0.000000,0.000000
6.601250,0.000000,0.000000,1500.000000,0.000000,0.000000
6.610723,0.000000,0.000000,1500.000000,0.000000,0.000000
6.619586,0.000000,0.000000,1500.000000,0.000000,0.000000
6.629449,0.000000,0.000000,1500.000000,0.000000,0.000000
6.638492,0.000000,0.000000,1500.000000,0.000000,0.000000
6.647473,0.000000,0.000000,1500.000000,0.000000,0.000000
6.657496,0.000000,0.000000,1500.000000,0.000000,0.000000
6.667288,0.000000,0.000000,1500.000000,0.000000,0.000000
6.676953,0.000000,0.000000,1500.000000,0.000000,0.000000
6.686208,0.000000,0.000000,1500.000000,0.000000,0.000000
6.696708,0.000000,0.000000,1500.000000,0.000000,0.000000
6.706312,0.000000,0.000000,1500.000000,0.000000,0.000000
6.715242,0.000000,0.000000,1500.000000,0.000000,0.000000
6.725533,0.000000,0.000000,1500.000000,0.000000,0.000000
6.735365,0.000000,0.000000,1500.000000,0.000000,0.000000
6.744242,0.000000,0.000000,1500.000000,0.000000,0.000000
6.753259,0.000000,0.000000,1500.000000,0.000000,0.000000
6.764956,0.000000,0.000000,1500.000000,0.000000,0.000000
6.773915,0.000000,0.000000,1500.000000,0.000000,0.000000
6.782702,0.000000,0.000000,1500.000000,0.000000,0.000000
6.792748,0.000000,0.000000,1500.000000,0.000000,0.000000
6.801849,0.000000,0.000000,1500.000000,0.000000,0.000000
6.810720,0.000000,0.000000,1500.000000,0.000000,0.000000
6.819915,0.000000,0.000000,1500.000000,0.000000,0.000000
6.829167,0.000000,0.000000,1500.000000,0.000000,0.000000
6.838089,0.000000,0.000000,1500.000000,0.000000,0.000000
6.847194,0.000000,0.000000,1500.000000,0.000000,0.000000
6.858692,0.000000,0.000000,1500.000000,0.000000,0.000000
6.871467,0.000000,0.000000,1500.000000,0.000000,0.000000
6.880922,0.000000,0.000000,1500.000000,0.000000,0.000000
6.890593,0.000000,0.000000,1500.000000,0.000000,0.000000
6.899471,0.000000,0.000000,1500.000000,0.000000,0.000000
6.908550,0.000000,0.000000,1500.000000,0.000000,0.000000
6.917837,0.000000,0.000000,1500.000000,0.000000,0.000000
6.926754,0.000000,0.000000,1500.000000,0.000000,0.000000
6.935384,0.000000,0.000000,1500.000000,0.000000,0.000000
6.945289,0.000000,0.000000,1500.000000,0.000000,0.000000
6.954589,0.000000,0.000000,1500.000000,0.000000,0.000000
6.963850,0.000000,0.000000,1500.000000,0.000000,0.000000
6.973261,0.000000,0.000000,1500.000000,0.000000,0.000000
6.982826,0.000000,0.000000,1500.000000,0.000000,0.000000
6.991759,0.000000,0.000000,1500.000000,0.000000,0.000000
7.000542,0.000000,0.000000,1500.000000,0.000000,0.000000
7.012096,0.000000,0.000000,1500.000000,0.000000,0.000000
7.021775,0.000000,0.000000,1500.000000,0.000000,0.000000
7.030925,0.000000,0.000000,1500.000000,0.000000,0.000000
7.040617,0.000000,0.000000,1500.000000,0.000000,0.000000
7.049717,0.000000,0.000000,1500.000000,0.000000,0.000000
7.059040,0.000000,0.000000,1500.000000,0.000000,0.000000
7.065210,0.000000,0.000000,1500.000000,0.000000,0.000000
7.080285,0.000000,0.000000,1500.000000,0.000000,0.000000
7.090095,0.000000,0.000000,1500.000000,0.000000,0.000000
7.100621,0.000000,0.000000,1500.000000,0.000000,0.000000
7.113511,0.000000,0.000000,1500.000000,0.000000,0.000000
7.122362,0.000000,0.000000,1500.000000,0.000000,0.000000
7.132226,0.000000,0.000000,1500.000000,0.000000,0.000000
7.137877,0.000000,0.000000,1500.000000,0.000000,0.000000
7.150483,0.000000,0.000000,1500.000000,0.000000,0.000000
7.159541,0.000000,0.000000,1500.000000,0.000000,0.000000
7.169271,0.000000,0.000000,1500.000000,0.000000,0.000000
7.178155,0.000000,0.000000,1500.000000,0.000000,0.000000
7.186835,0.000000,0.000000,1500.000000,0.000000,0.000000
7.196494,0.000000,0.000000,1500.000000,0.000000,0.000000
7.205816,0.000000,0.000000,1500.000000,0.000000,0.000000
7.214728,0.000000,0.000000,1500.000000,0.000000,0.000000
7.223800,0.000000,0.000000,1500.000000,0.000000,0.000000
7.234590,0.000000,0.000000,1500.000000,0.000000,0.000000
7.243413,0.000000,0.000000,1500.000000,0.000000,0.000000
7.252242,0.000000,0.000000,1500.000000,0.000000,0.000000
7.262975,0.000000,0.000000,1500.000000,0.000000,0.000000
7.272097,0.000000,0.000000,1500.000000,0.000000,0.000000
7.280849,0.000000,0.000000,1500.000000,0.000000,0.000000
7.290371,0.000000,0.000000,1500.000000,0.000000,0.000000
7.299498,0.000000,0.000000,1500.000000,0.000000,0.000000
7.308762,0.000000,0.000000,1500.000000,0.000000,0.000000
7.317696,0.000000,0.000000,1500.000000,0.000000,0.000000
7.327444,0.000000,0.000000,1500.000000,0.000000,0.000000
7.336480,0.000000,0.000000,1500.000000,0.000000,0.000000
7.345269,0.000000,0.000000,1500.000000,0.000000,0.000000
7.355528,0.000000,0.000000,1500.000000,0.000000,0.000000
7.364520,0.000000,0.000000,1500.000000,0.000000,0.000000
7.373405,0.000000,0.000000,1500.000000,0.000000,0.000000
7.382561,0.000000,0.000000,1500.000000,0.000000,0.000000
7.392226,0.000000,0.000000,1500.000000,0.000000,0.000000
7.401561,0.000000,0.000000,1500.000000,0.000000,0.000000
7.410829,0.000000,0.000000,1500.000000,0.000000,0.000000
7.420637,0.000000,0.000000,1500.000000,0.000000,0.000000
7.437642,0.000000,0.000000,1500.000000,0.000000,0.000000
7.448457,0.000000,0.000000,1500.000000,0.000000,0.000000
7.457636,0.000000,0.000000,1500.000000,0.000000,0.000000
7.466611,0.000000,0.000000,1500.000000,0.000000,0.000000
7.475619,0.000000,0.000000,1500.000000,0.000000,0.000000
7.485248,0.000000,0.000000,1500.000000,0.000000,0.000000
7.493941,0.000000,0.000000,1500.000000,0.000000,0.000000
7.502719,0.000000,0.000000,1428.000000,1750.000000,0.000000
7.512242,0.000000,0.000000,1428.000000,1750.000000,0.000000
7.522148,4.058451,28.000000,1434.000000,250.000000,0.119000
7.530805,1.589323,143.000000,1434.000000,250.000000,0.238000
7.539900,-0.000000,-27.000000,1434.000000,250.000000,0.000000
7.549431,-0.000000,-24.000000,1434.000000,250.000000,0.000000
7.558460,-0.000000,-20.000000,1434.000000,250.000000,0.000000
7.567117,-0.000000,-18.000000,1428.000000,1500.000000,0.000000
7.576983,-7.575775,-15.000000,1428.000000,1500.000000,0.119000
7.585805,1.600516,71.000000,1435.000000,1500.000000,0.119000
7.594706,1.159557,98.000000,1435.000000,1500.000000,0.119000
7.604289,0.000000,0.000000,1435.000000,-250.000000,0.119000
7.614125,1.159557,98.000000,1435.000000,-250.000000,0.119000
7.623193,-0.000000,-38.000000,1428.000000,1500.000000,0.000000
7.632544,-0.000000,-33.000000,1428.000000,1500.000000,0.000000
7.642355,-0.000000,-29.000000,1428.000000,1750.000000,0.000000
7.651183,0.979626,116.000000,1428.000000,1750.000000,0.119000
7.660288,-5.543250,-41.000000,1434.000000,250.000000,0.238000
7.669997,2.250230,101.000000,1434.000000,250.000000,0.238000
7.679216,-0.000000,-54.000000,1434.000000,250.000000,0.000000
7.688217,-0.000000,-47.000000,1433.000000,250.000000,0.000000
7.697804,-0.000000,-41.000000,1433.000000,250.000000,0.000000
7.707174,-0.000000,-35.000000,1428.000000,1750.000000,0.000000
7.716154,-3.665698,-31.000000,1428.000000,1750.000000,0.119000
7.725293,0.996813,114.000000,1435.000000,1750.000000,0.119000
7.735049,1.993625,114.000000,1435.000000,1750.000000,0.238000
7.744256,-2.104382,-54.000000,1435.000000,0.000000,0.119000
7.753051,2.840916,80.000000,1435.000000,0.000000,0.238000
7.762893,-0.000000,-66.000000,1429.000000,1750.000000,0.000000
7.772286,-0.000000,-57.000000,1429.000000,1750.000000,0.000000
7.782068,2.470362,46.000000,1435.000000,1750.000000,0.119000
7.791303,2.771625,82.000000,1435.000000,1750.000000,0.238000
7.801677,3.201032,71.000000,1435.000000,250.000000,0.238000
7.810813,3.725791,61.000000,1435.000000,250.000000,0.238000
7.820929,-0.000000,-81.000000,1435.000000,250.000000,0.000000
7.830096,-0.000000,-70.000000,1429.000000,0.000000,0.000000
7.839106,-0.000000,-61.000000,1429.000000,0.000000,0.000000
7.849290,-0.000000,-53.000000,1429.000000,1750.000000,0.000000
7.861318,-2.525258,-45.000000,1429.000000,1750.000000,0.119000
7.870949,2.705634,84.000000,1436.000000,250.000000,0.238000
7.880635,0.000000,79.000000,1436.000000,250.000000,0.000000
7.890240,-0.000000,-58.000000,1437.000000,250.000000,0.000000
7.899430,-0.000000,-50.000000,1437.000000,250.000000,0.000000
7.908287,-0.000000,-43.000000,1433.000000,1500.000000,0.000000
7.917717,-2.990438,-38.000000,1433.000000,1500.000000,0.119000
7.927302,-28.409157,-4.000000,1439.000000,1500.000000,0.119000
7.936194,-11.363663,-10.000000,1439.000000,1500.000000,0.119000
7.945560,1.600516,71.000000,1438.000000,250.000000,0.119000
7.955715,1.291325,88.000000,1438.000000,250.000000,0.119000
7.964900,-0.000000,-50.000000,1432.000000,1500.000000,0.000000
7.974212,-0.000000,-43.000000,1432.000000,1500.000000,0.000000
7.984028,-3.071260,-37.000000,1431.000000,1500.000000,0.119000
7.992917,1.070949,107.000000,1431.000000,1500.000000,0.120000
8.001638,-2.470362,-46.000000,1431.000000,1500.000000,0.119000
8.010811,1.221899,93.000000,1437.000000,250.000000,0.119000
8.020796,-0.000000,-53.000000,1437.000000,250.000000,0.000000
8.030032,-0.000000,-46.000000,1435.000000,250.000000,0.000000
8.038909,-0.000000,-40.000000,1435.000000,250.000000,0.000000
8.049846,-0.000000,-35.000000,1422.000000,1750.000000,0.000000
8.058853,-0.000000,-29.000000,1422.000000,1750.000000,0.000000
8.067568,1.623380,70.000000,1416.000000,250.000000,0.119000
8.078459,1.942506,117.000000,1416.000000,250.000000,0.238000
8.087587,-0.000000,-44.000000,1382.000000,250.000000,0.000000
8.096468,-0.000000,-38.000000,1382.000000,250.000000,0.000000
8.107313,-0.000000,-33.000000,1345.000000,1750.000000,0.000000
8.118253,-0.000000,-28.000000,1345.000000,1750.000000,0.000000
8.127428,0.971253,117.000000,1328.000000,1750.000000,0.119000
8.137337,1.926045,118.000000,1328.000000,1750.000000,0.238000
8.146732,1.276816,89.000000,1303.000000,0.000000,0.119000
8.155573,2.738232,83.000000,1303.000000,0.000000,0.238000
8.164837,-0.000000,-63.000000,1285.000000,1750.000000,0.000000
8.174469,-0.000000,-54.000000,1285.000000,1750.000000,0.000000
8.183531,1.578287,72.000000,1285.000000,1750.000000,0.119000
8.192811,2.705634,84.000000,1280.000000,1750.000000,0.238000
8.203098,3.113332,73.000000,1280.000000,1750.000000,0.238000
8.212548,3.607512,63.000000,1277.000000,0.000000,0.238000
8.222982,-0.000000,-42.000000,1277.000000,0.000000,0.000000
8.232450,-0.000000,-77.000000,1275.000000,1750.000000,0.000000
8.241577,-1.721767,-66.000000,1275.000000,1750.000000,0.119000
8.251060,1.438438,79.000000,1269.000000,1750.000000,0.119000
8.260390,3.342254,68.000000,1269.000000,1750.000000,0.238000
8.269859,3.852089,59.000000,1274.000000,250.000000,0.238000
8.279459,4.456338,51.000000,1274.000000,250.000000,0.238000
8.288600,-0.000000,-90.000000,1274.000000,0.000000,0.000000
8.298487,-0.000000,-78.000000,1274.000000,0.000000,0.000000
8.307728,-0.000000,-67.000000,1267.000000,1750.000000,0.000000
8.316523,-0.000000,-58.000000,1267.000000,1750.000000,0.000000
8.327405,-2.228169,-51.000000,1273.000000,1500.000000,0.119000
8.336394,2.805843,81.000000,1273.000000,1500.000000,0.238000
8.345499,1.637022,70.000000,1273.000000,1500.000000,0.120000
8.354699,-1.600516,-71.000000,1273.000000,250.000000,0.119000
8.364245,-0.000000,-37.000000,1273.000000,250.000000,0.000000
8.373678,-0.000000,-65.000000,1275.000000,1750.000000,0.000000
8.382597,-1.993625,-57.000000,1275.000000,1750.000000,0.119000
8.392783,2.673803,85.000000,1289.000000,1750.000000,0.238000
8.401710,3.113332,73.000000,1289.000000,1750.000000,0.238000
8.410559,3.551145,64.000000,1303.000000,0.000000,0.238000
8.420749,4.058451,56.000000,1303.000000,0.000000,0.238000
8.429803,-0.000000,-84.000000,1322.000000,250.000000,0.000000
8.438869,-0.000000,-73.000000,1322.000000,250.000000,0.000000
8.448234,-0.000000,-64.000000,1334.000000,1500.000000,0.000000
8.458488,-0.000000,-56.000000,1334.000000,1500.000000,0.000000
8.467514,-2.417801,-47.000000,1358.000000,1750.000000,0.119000
8.476500,1.235181,92.000000,1358.000000,1750.000000,0.119000
8.486280,2.840916,80.000000,1358.000000,1750.000000,0.238000
8.495296,3.293815,69.000000,1379.000000,0.000000,0.238000
8.504251,-0.000000,-67.000000,1379.000000,0.000000,0.000000
8.513675,-0.000000,-73.000000,1404.000000,1500.000000,0.000000
8.523116,-1.803756,-63.000000,1404.000000,1500.000000,0.119000
8.532203,2.771625,41.000000,1427.000000,1500.000000,0.119000
8.541219,1.456880,78.000000,1427.000000,1500.000000,0.119000
8.550944,-1.862896,-61.000000,1434.000000,250.000000,0.119000
8.559801,1.515155,75.000000,1434.000000,250.000000,0.119000
8.568728,-0.000000,-65.000000,1434.000000,0.000000,0.000000
8.579827,-0.000000,-57.000000,1434.000000,0.000000,0.000000
8.589503,-0.000000,-48.000000,1428.000000,1500.000000,0.000000
8.598520,-0.000000,-41.000000,1428.000000,1500.000000,0.000000
8.608401,-0.000000,-36.000000,1428.000000,1500.000000,0.000000
8.617605,1.042538,109.000000,1434.000000,1500.000000,0.119000
8.626963,-2.470362,-46.000000,1434.000000,1500.000000,0.119000
8.636529,1.208900,94.000000,1435.000000,0.000000,0.119000
8.646708,-0.000000,-54.000000,1435.000000,0.000000,0.000000
8.655914,-0.000000,-46.000000,1430.000000,1750.000000,0.000000
8.665228,-2.840916,-40.000000,1430.000000,1750.000000,0.119000
8.675462,1.082254,105.000000,1437.000000,1750.000000,0.119000
8.684860,2.164507,105.000000,1437.000000,1750.000000,0.238000
8.693715,-3.665698,-62.000000,1437.000000,0.000000,0.238000
8.703370,0.000000,74.000000,1437.000000,0.000000,0.000000
8.712634,-0.000000,-63.000000,1432.000000,0.000000,0.000000
8.721720,-0.000000,-54.000000,1432.000000,0.000000,0.000000
8.730888,-0.000000,-47.000000,1433.000000,1500.000000,0.000000
8.741870,-0.000000,-41.000000,1433.000000,1500.000000,0.000000
8.750709,-3.246761,-35.000000,1440.000000,250.000000,0.119000
8.760366,1.042538,109.000000,1440.000000,250.000000,0.119000
8.770304,-0.000000,-43.000000,1446.000000,250.000000,0.000000
8.779340,-0.000000,-37.000000,1446.000000,250.000000,0.000000
8.789522,-0.000000,-32.000000,1446.000000,250.000000,0.000000
8.799100,-0.000000,-27.000000,1447.000000,1750.000000,0.000000
8.808319,-4.734860,-24.000000,1447.000000,1750.000000,0.119000
8.817174,1.878291,121.000000,1455.000000,1500.000000,0.238000
8.826550,0.939146,121.000000,1455.000000,1500.000000,0.119000
8.835886,-2.582651,-44.000000,1462.000000,0.000000,0.119000
8.845252,-0.000000,-37.000000,1462.000000,0.000000,0.000000
8.854489,-0.000000,-46.000000,1472.000000,250.000000,0.000000
8.867606,-0.000000,-40.000000,1472.000000,250.000000,0.000000
8.877017,-0.000000,-33.000000,1480.000000,1750.000000,0.000000
8.885954,-4.092556,-28.000000,1480.000000,1750.000000,0.120000
8.895383,0.979626,116.000000,1491.000000,0.000000,0.119000
8.904402,1.959252,116.000000,1491.000000,0.000000,0.238000
8.913104,-0.000000,-49.000000,1497.000000,0.000000,0.000000
8.922420,-0.000000,-43.000000,1497.000000,0.000000,0.000000
8.931946,-0.000000,-38.000000,1493.000000,1750.000000,0.000000
8.941188,-0.000000,-32.000000,1493.000000,1750.000000,0.000000
8.950656,-4.058451,-28.000000,1493.000000,1750.000000,0.119000
8.960608,1.993625,114.000000,1500.000000,1500.000000,0.238000
8.969648,-2.066121,-55.000000,1500.000000,1500.000000,0.119000
8.978335,1.259248,91.000000,1500.000000,250.000000,0.120000
8.988673,-0.000000,-56.000000,1500.000000,250.000000,0.000000
8.998131,-0.000000,-53.000000,1494.000000,1500.000000,0.000000
9.008204,-2.470362,-46.000000,1494.000000,1500.000000,0.119000
9.017110,1.221899,93.000000,1494.000000,1750.000000,0.119000
9.026037,-28.409157,-8.000000,1494.000000,1750.000000,0.238000
9.035550,1.276816,89.000000,1498.000000,250.000000,0.119000
9.045301,2.913760,78.000000,1498.000000,250.000000,0.238000
9.055577,-0.000000,-66.000000,1485.000000,250.000000,0.000000
9.065034,-0.000000,-56.000000,1485.000000,250.000000,0.000000
9.074113,-0.000000,-45.000000,1478.000000,1750.000000,0.000000
9.084213,-0.000000,-42.000000,1478.000000,1750.000000,0.000000
9.093498,1.183715,96.000000,1478.000000,0.000000,0.119000
9.102386,2.164507,105.000000,1478.000000,0.000000,0.238000
9.112175,-0.000000,-54.000000,1478.000000,0.000000,0.000000
9.121634,-0.000000,-47.000000,1471.000000,250.000000,0.000000
9.132268,-0.000000,-41.000000,1471.000000,250.000000,0.000000
9.141496,-0.000000,-34.000000,1461.000000,1750.000000,0.000000
9.151872,-3.787888,-30.000000,1461.000000,1750.000000,0.119000
9.160918,1.976289,115.000000,1455.000000,1750.000000,0.238000
9.169748,1.976289,115.000000,1455.000000,1750.000000,0.238000
9.179442,1.438438,79.000000,1445.000000,250.000000,0.119000
9.188853,0.000000,50.000000,1445.000000,250.000000,0.000000
9.197510,-0.000000,-57.000000,1432.000000,3250.000000,0.000000
9.207425,-0.000000,-50.000000,1432.000000,3250.000000,0.000000
9.216663,6.243771,91.000000,1429.000000,7500.000000,0.595000
9.225813,2.876877,79.000000,1429.000000,7500.000000,0.238000
9.235134,2.559384,222.000000,1434.000000,9750.000000,0.595000
9.244918,2.096617,271.000000,1434.000000,9750.000000,0.595000
9.254502,0.668451,510.000000,1434.000000,12500.000000,0.357000
9.263340,0.971253,702.000000,1434.000000,12500.000000,0.714000
9.273288,0.128548,884.000000,1434.000000,12500.000000,0.119000
9.282437,0.526583,1079.000000,1428.000000,18250.000000,0.595000
9.291559,6.130156,1242.000000,1428.000000,18250.000000,7.973000
9.300951,1.207295,1506.000000,1434.000000,18000.000000,1.904000
9.310720,0.650467,1747.000000,1434.000000,18000.000000,1.190000
9.319766,0.628774,1988.000000,1434.000000,18500.000000,1.309000
9.329286,0.936137,2185.000000,1434.000000,18500.000000,2.142000
9.342938,0.466388,2457.000000,1428.000000,20250.000000,1.200000
9.351862,0.747320,2585.000000,1428.000000,20250.000000,2.023000
9.361690,0.541127,2730.000000,1434.000000,20000.000000,1.547000
9.372205,0.237734,2868.000000,1434.000000,20000.000000,0.714000
9.381238,0.187953,3023.000000,1434.000000,18250.000000,0.595000
9.390595,-0.145176,3131.000000,1434.000000,18250.000000,-0.476000
9.397224,0.212075,3215.000000,1434.000000,18250.000000,0.714000
9.410435,0.528706,3224.000000,1428.000000,17250.000000,1.785000
9.419840,0.209791,3250.000000,1428.000000,17750.000000,0.714000
9.430838,0.524154,3252.000000,1428.000000,17750.000000,1.785000
9.440186,0.175636,3235.000000,1434.000000,13500.000000,0.595000
9.449852,0.208253,3274.000000,1434.000000,13500.000000,0.714000
9.459600,0.000000,3212.000000,1434.000000,10500.000000,0.000000
9.470832,0.217486,3135.000000,1434.000000,10500.000000,0.714000
9.480229,0.037504,3030.000000,1428.000000,8500.000000,0.119000
9.490018,0.157993,2877.000000,1428.000000,8500.000000,0.476000
9.499249,0.126874,2687.000000,1434.000000,5250.000000,0.357000
9.508145,0.000000,2578.000000,1434.000000,5250.000000,0.000000
9.517311,0.236857,2419.000000,1434.000000,750.000000,0.600000
9.526577,0.000000,2233.000000,1434.000000,750.000000,0.000000
9.535475,0.000000,1967.000000,1434.000000,750.000000,0.000000
9.544469,0.000000,1718.000000,1428.000000,1750.000000,0.000000
9.554510,0.151516,1500.000000,1428.000000,1750.000000,0.238000
9.563347,0.159044,1429.000000,1429.000000,1750.000000,0.238000
9.572201,0.204935,1109.000000,1429.000000,1750.000000,0.238000
9.581475,0.215425,1055.000000,1434.000000,250.000000,0.238000
9.591396,0.273823,830.000000,1434.000000,250.000000,0.238000
9.600581,0.000000,710.000000,1434.000000,250.000000,0.000000
9.609708,0.000000,619.000000,1434.000000,250.000000,0.000000
9.619564,0.000000,539.000000,1428.000000,1750.000000,0.000000
9.628400,0.000000,464.000000,1428.000000,1750.000000,0.000000
9.638893,0.275149,413.000000,1434.000000,0.000000,0.119000
9.649074,0.000000,413.000000,1434.000000,0.000000,0.000000
9.658266,0.000000,286.000000,1434.000000,2500.000000,0.000000
9.667189,0.000000,246.000000,1434.000000,2500.000000,0.000000
9.676746,1.014613,224.000000,1434.000000,2500.000000,0.238000
9.686142,1.521919,224.000000,1428.000000,9500.000000,0.357000
9.695080,20.624775,224.000000,1428.000000,9500.000000,4.838000
9.704596,0.551634,412.000000,1434.000000,15500.000000,0.238000
9.714939,9.592702,616.000000,1434.000000,15500.000000,6.188000
9.724088,1.933326,1058.000000,1434.000000,17750.000000,2.142000
9.733092,2.566944,1151.000000,1434.000000,17750.000000,3.094000
9.742936,0.236251,1443.000000,1428.000000,18500.000000,0.357000
9.752420,0.875571,1817.000000,1428.000000,18500.000000,1.666000
9.762468,0.585454,1941.000000,1428.000000,20250.000000,1.190000
9.771929,0.105170,2161.000000,1428.000000,20250.000000,0.238000
9.781988,0.910243,2372.000000,1434.000000,18500.000000,2.261000
9.790899,0.351544,2586.000000,1434.000000,18500.000000,0.952000
9.800118,0.167113,2720.000000,1434.000000,16500.000000,0.476000
9.810289,0.160334,2835.000000,1434.000000,16500.000000,0.476000
9.819571,-0.039126,2880.000000,1428.000000,16500.000000,-0.118000
9.829856,0.077647,2927.000000,1428.000000,16500.000000,0.238000
9.839850,0.038626,2942.000000,1434.000000,15000.000000,0.119000
9.849449,0.190602,2981.000000,1434.000000,15000.000000,0.595000
9.862659,0.000000,2970.000000,1434.000000,11250.000000,0.000000
9.873161,0.268917,2958.000000,1434.000000,11250.000000,0.833000
9.882283,-0.039307,2891.000000,1428.000000,10500.000000,-0.119000
9.891257,0.040921,2777.000000,1428.000000,10500.000000,0.119000
9.900473,0.083989,2706.000000,1434.000000,7500.000000,0.238000
9.910247,0.043926,2587.000000,1434.000000,7500.000000,0.119000
9.919254,0.093413,2433.000000,1434.000000,0.000000,0.238000
9.928178,0.096960,2344.000000,1434.000000,0.000000,0.238000
9.938461,-0.101235,2245.000000,1434.000000,0.000000,-0.238000
9.947208,0.000000,1927.000000,1428.000000,-500.000000,0.000000
9.956268,0.000000,1687.000000,1428.000000,-500.000000,0.000000
9.966354,0.000000,1472.000000,1428.000000,-2750.000000,0.000000
9.975701,0.448448,1267.000000,1428.000000,-2750.000000,0.595000
9.984572,0.518889,1095.000000,1434.000000,-10250.000000,0.595000
9.993838,0.592475,959.000000,1434.000000,-10250.000000,0.595000
10.003324,4.395686,698.000000,1434.000000,-13750.000000,3.213000
10.012262,8.244929,317.000000,1434.000000,-13750.000000,2.737000
10.021198,36.117068,129.000000,1428.000000,-19000.000000,4.879000
10.030951,-4.681659,-267.000000,1428.000000,-19000.000000,1.309000
10.039931,-10.514421,-562.000000,1428.000000,-19000.000000,6.188000
10.048811,-3.211470,-920.000000,1434.000000,-23500.000000,3.094000
10.058404,-7.391000,-1230.000000,1434.000000,-23500.000000,9.520000
10.067608,-1.752570,-1621.000000,1434.000000,-28500.000000,2.975000
10.076727,-5.003232,-1976.000000,1434.000000,-28500.000000,10.353000
10.086124,-0.967532,-2349.000000,1428.000000,-28000.000000,2.380000
10.096466,-0.378929,-2699.000000,1428.000000,-28000.000000,1.071000
10.105633,-0.593016,-3066.000000,1428.000000,-27500.000000,1.904000
10.114310,-0.750527,-3331.000000,1428.000000,-27500.000000,2.618000
10.124310,-0.478000,-3566.000000,1434.000000,-26750.000000,1.785000
10.133765,-0.301503,-3769.000000,1434.000000,-26750.000000,1.190000
10.144509,-0.200924,-3959.000000,1434.000000,-22750.000000,0.833000
10.156967,-0.110193,-4125.000000,1434.000000,-22750.000000,0.476000
10.166232,0.052707,-4312.000000,1428.000000,-19750.000000,-0.238000
10.176310,0.258912,-4389.000000,1428.000000,-19750.000000,-1.190000
10.185820,-0.000000,-4350.000000,1434.000000,-16500.000000,0.000000
10.195048,-0.105488,-4309.000000,1434.000000,-16500.000000,0.476000
10.204473,-0.000000,-4215.000000,1434.000000,-12500.000000,0.000000
10.213983,-0.027934,-4068.000000,1434.000000,-12500.000000,0.119000
10.223614,0.116640,-3897.000000,1428.000000,-4500.000000,-0.476000
10.232789,0.061111,-3719.000000,1428.000000,-4500.000000,-0.238000
10.241837,0.289643,-3531.000000,1428.000000,-4500.000000,-1.071000
10.251626,-0.035062,-3241.000000,1434.000000,500.000000,0.119000
10.260648,-0.039280,-2893.000000,1434.000000,500.000000,0.119000
10.269463,-0.000000,-2572.000000,1434.000000,250.000000,0.000000
10.279527,-0.000000,-2247.000000,1434.000000,250.000000,0.000000
10.288802,-0.000000,-1941.000000,1428.000000,3750.000000,0.000000
10.297595,-0.514525,-1546.000000,1428.000000,3750.000000,0.833000
10.307173,-0.085057,-1336.000000,1428.000000,9250.000000,0.119000
10.316389,-3.274481,-937.000000,1428.000000,9250.000000,3.213000
10.326436,-0.774091,-734.000000,1434.000000,10000.000000,0.595000
10.335187,-1.852771,-368.000000,1434.000000,10000.000000,0.714000
10.346337,-4.427401,-154.000000,1434.000000,10500.000000,0.714000
10.355399,3.127614,218.000000,1434.000000,10500.000000,0.714000
10.364374,1.460625,389.000000,1427.000000,13000.000000,0.595000
10.374049,1.270846,532.000000,1427.000000,13000.000000,0.708000
10.383666,0.614252,740.000000,1434.000000,14250.000000,0.476000
10.392431,0.552707,1028.000000,1434.000000,14250.000000,0.595000
10.401408,0.843141,1213.000000,1434.000000,14250.000000,1.071000
10.410946,0.081577,1393.000000,1434.000000,14000.000000,0.119000
10.419812,0.215493,1582.000000,1434.000000,14000.000000,0.357000
10.428725,0.201722,1690.000000,1428.000000,16750.000000,0.357000
10.434749,1.920794,1834.000000,1428.000000,16750.000000,3.689000
10.448573,0.449157,2024.000000,1428.000000,17000.000000,0.952000
10.457288,0.684241,2159.000000,1428.000000,17000.000000,1.547000
10.466632,0.542065,2306.000000,1434.000000,15000.000000,1.309000
10.477577,0.470156,2417.000000,1434.000000,15000.000000,1.190000
10.486440,0.317421,2506.000000,1434.000000,14000.000000,0.833000
10.495311,0.312311,2547.000000,1434.000000,14000.000000,0.833000
10.505304,0.396561,2579.000000,1428.000000,14500.000000,1.071000
10.514213,0.088056,2581.000000,1428.000000,14500.000000,0.238000
10.523226,0.043572,2608.000000,1428.000000,14500.000000,0.119000
10.534767,0.130517,2612.000000,1434.000000,11500.000000,0.357000
10.544168,-0.305592,2603.000000,1434.000000,11500.000000,-0.833000
10.553391,0.176386,2577.000000,1434.000000,9250.000000,0.476000
10.563229,-0.273488,2514.000000,1434.000000,9250.000000,-0.720000
10.572423,0.095173,2388.000000,1428.000000,7500.000000,0.238000
10.582071,0.000000,2307.000000,1428.000000,7500.000000,0.000000
10.591526,0.051960,2187.000000,1434.000000,4500.000000,0.119000
10.601837,-0.216451,2100.000000,1434.000000,4500.000000,-0.476000
10.611280,0.232267,1957.000000,1434.000000,-250.000000,0.476000
10.620337,0.000000,1744.000000,1434.000000,-250.000000,0.000000
10.630240,0.000000,1561.000000,1428.000000,1250.000000,0.000000
10.639270,0.000000,1254.000000,1428.000000,1250.000000,0.000000
10.648231,0.000000,1094.000000,1428.000000,1250.000000,0.000000
10.658816,0.108743,1045.000000,1428.000000,1250.000000,0.119000
10.667968,0.142580,797.000000,1434.000000,-250.000000,0.119000
10.677071,0.000000,710.000000,1434.000000,-250.000000,0.000000
10.687901,0.000000,597.000000,1434.000000,-250.000000,0.000000
10.697579,0.000000,507.000000,1434.000000,-250.000000,0.000000
10.706679,0.000000,437.000000,1428.000000,1250.000000,0.000000
10.715647,0.000000,380.000000,1428.000000,1250.000000,0.000000
10.725453,0.000000,333.000000,1428.000000,1250.000000,0.000000
10.739147,0.350730,324.000000,1434.000000,1250.000000,0.119000
10.748242,0.347783,324.000000,1433.000000,-250.000000,0.118000
10.757535,0.350730,324.000000,1433.000000,-250.000000,0.119000
10.766171,0.000000,146.000000,1428.000000,1250.000000,0.000000
10.774884,0.000000,128.000000,1428.000000,1250.000000,0.000000
10.784511,0.000000,112.000000,1428.000000,1250.000000,0.000000
10.793646,0.996813,114.000000,1434.000000,1250.000000,0.119000
10.803315,0.996813,114.000000,1434.000000,1250.000000,0.119000
10.813668,0.996813,114.000000,1434.000000,-250.000000,0.119000
10.823384,0.000000,114.000000,1434.000000,-250.000000,0.000000
10.832252,-0.000000,-28.000000,1428.000000,-250.000000,0.000000
10.841344,-0.000000,-24.000000,1428.000000,-250.000000,0.000000
10.852615,-0.000000,-21.000000,1427.000000,1250.000000,0.000000
10.863883,-0.000000,-18.000000,1427.000000,1250.000000,0.000000
10.873149,0.000000,136.000000,1434.000000,-250.000000,0.000000
10.883178,0.000000,141.000000,1434.000000,-250.000000,0.000000
10.892551,-0.000000,-34.000000,1434.000000,-250.000000,0.000000
10.901446,-0.000000,-30.000000,1434.000000,-250.000000,0.000000
10.911419,-0.000000,-26.000000,1428.000000,1250.000000,0.000000
10.920440,-0.000000,-22.000000,1428.000000,1250.000000,0.000000
10.929583,-0.000000,-19.000000,1434.000000,1250.000000,0.000000
10.939385,0.829464,137.000000,1434.000000,1250.000000,0.119000
10.949321,0.836435,137.000000,1434.000000,-250.000000,0.120000
10.959171,-0.000000,-65.000000,1434.000000,-250.000000,0.000000
10.968295,-0.000000,-56.000000,1434.000000,-250.000000,0.000000
10.977196,-0.000000,-49.000000,1428.000000,1250.000000,0.000000
10.986472,-0.000000,-43.000000,1428.000000,1250.000000,0.000000
10.996123,0.971253,117.000000,1428.000000,1250.000000,0.119000
11.005949,0.971253,117.000000,1428.000000,1250.000000,0.119000
11.015201,0.963091,117.000000,1434.000000,-250.000000,0.118000
11.023948,-0.000000,-83.000000,1434.000000,-250.000000,0.000000
11.033076,-0.000000,-72.000000,1434.000000,-250.000000,0.000000
11.043138,-0.000000,-58.000000,1434.000000,-250.000000,0.000000
11.052072,-0.000000,-54.000000,1428.000000,1250.000000,0.000000
11.060917,-0.000000,-47.000000,1428.000000,1250.000000,0.000000
11.070793,-0.000000,-41.000000,1434.000000,1250.000000,0.000000
11.079791,0.988145,115.000000,1434.000000,1250.000000,0.119000
11.088865,0.996448,115.000000,1434.000000,1250.000000,0.120000
11.098968,0.988145,115.000000,1434.000000,-250.000000,0.119000
11.108310,-0.000000,-79.000000,1434.000000,-250.000000,0.000000
11.117201,-0.000000,-68.000000,1428.000000,1250.000000,0.000000
11.126674,-0.000000,-59.000000,1428.000000,1250.000000,0.000000
11.138222,0.000000,101.000000,1434.000000,1250.000000,0.000000
11.148306,1.125115,101.000000,1434.000000,1250.000000,0.119000
11.165792,-1.832849,-62.000000,1434.000000,-250.000000,0.119000
11.174759,-0.000000,-84.000000,1428.000000,-250.000000,0.000000
11.183680,-0.000000,-73.000000,1428.000000,-250.000000,0.000000
11.193699,-0.000000,-64.000000,1428.000000,1250.000000,0.000000
11.202851,-0.000000,-55.000000,1428.000000,1250.000000,0.000000
11.211787,-0.000000,-48.000000,1434.000000,-250.000000,0.000000
11.222178,1.061033,108.000000,1434.000000,-250.000000,0.120000
11.231700,-0.000000,-64.000000,1434.000000,-250.000000,0.000000
11.240654,-0.000000,-55.000000,1434.000000,-250.000000,0.000000
11.249596,-0.000000,-48.000000,1434.000000,-250.000000,0.000000
11.259267,-0.000000,-42.000000,1428.000000,1250.000000,0.000000
11.268269,-0.000000,-36.000000,1428.000000,1250.000000,0.000000
11.277221,0.000000,123.000000,1434.000000,1250.000000,0.000000
11.286744,0.923875,123.000000,1434.000000,1250.000000,0.119000
11.296301,0.923875,123.000000,1434.000000,-250.000000,0.119000
11.305545,-0.000000,-74.000000,1434.000000,-250.000000,0.000000
11.314817,-0.000000,-74.000000,1428.000000,1250.000000,0.000000
11.324697,-0.000000,-64.000000,1428.000000,1250.000000,0.000000
11.334072,0.000000,1.000000,1428.000000,1250.000000,0.000000
11.343186,1.276816,89.000000,1428.000000,1250.000000,0.119000
11.353359,1.444637,78.000000,1434.000000,-250.000000,0.118000
11.362336,1.696069,67.000000,1434.000000,-250.000000,0.119000
11.371236,-0.000000,-90.000000,1434.000000,-250.000000,0.000000
11.381112,-0.000000,-78.000000,1434.000000,-250.000000,0.000000
11.390331,-0.000000,-68.000000,1434.000000,-250.000000,0.000000
11.399693,-0.000000,-59.000000,1428.000000,1250.000000,0.000000
11.409343,-0.000000,-51.000000,1428.000000,1250.000000,0.000000
11.419048,0.000000,109.000000,1434.000000,-250.000000,0.000000
11.428463,0.000000,109.000000,1434.000000,-250.000000,0.000000
11.437504,-0.000000,-61.000000,1434.000000,-250.000000,0.000000
11.447085,-0.000000,-53.000000,1434.000000,-250.000000,0.000000
11.456121,-0.000000,-46.000000,1428.000000,1250.000000,0.000000
11.465056,-0.000000,-40.000000,1428.000000,1250.000000,0.000000
11.474645,-0.000000,-35.000000,1434.000000,1250.000000,0.000000
11.480281,0.931448,122.000000,1434.000000,1250.000000,0.119000
11.494170,0.931448,122.000000,1434.000000,-250.000000,0.119000
11.503595,-1.456880,-78.000000,1434.000000,-250.000000,0.119000
11.513244,-0.000000,-70.000000,1428.000000,1250.000000,0.000000
11.522086,-0.000000,-60.000000,1428.000000,1250.000000,0.000000
11.530892,-0.000000,-53.000000,1428.000000,1250.000000,0.000000
11.540949,1.101842,104.000000,1428.000000,1250.000000,0.120000
11.550009,1.092660,104.000000,1428.000000,1250.000000,0.119000
11.559004,1.092660,104.000000,1434.000000,-250.000000,0.119000
11.568519,-0.000000,-92.000000,1434.000000,-250.000000,0.000000
11.578087,-0.000000,-80.000000,1434.000000,-250.000000,0.000000
11.587012,-0.000000,-69.000000,1434.000000,-250.000000,0.000000
11.596252,-0.000000,-60.000000,1428.000000,1250.000000,0.000000
11.606921,-0.000000,-52.000000,1428.000000,1250.000000,0.000000
11.615785,0.000000,85.000000,1434.000000,1250.000000,0.000000
11.624826,1.023753,111.000000,1434.000000,1250.000000,0.119000
11.634968,1.023753,111.000000,1434.000000,-250.000000,0.119000
11.643927,-1.600516,-71.000000,1434.000000,-250.000000,0.119000
11.652929,-0.000000,-79.000000,1434.000000,-250.000000,0.000000
11.662045,-0.000000,-69.000000,1428.000000,1250.000000,0.000000
11.671882,-0.000000,-60.000000,1428.000000,1250.000000,0.000000
11.680754,0.000000,97.000000,1429.000000,1250.000000,0.000000
11.689784,1.348136,85.000000,1429.000000,1250.000000,0.120000
11.699506,1.535630,74.000000,1434.000000,-250.000000,0.119000
11.708708,1.775572,64.000000,1434.000000,-250.000000,0.119000
11.717714,-0.000000,-93.000000,1434.000000,-250.000000,0.000000
11.728156,-0.000000,-81.000000,1434.000000,-250.000000,0.000000
11.737515,-0.000000,-69.000000,1428.000000,1250.000000,0.000000
11.747214,-0.000000,-60.000000,1428.000000,1250.000000,0.000000
11.756340,-0.000000,-20.000000,1434.000000,-250.000000,0.000000
11.765381,1.092660,104.000000,1434.000000,-250.000000,0.119000
11.774677,-0.000000,-69.000000,1434.000000,-250.000000,0.000000
11.786482,-0.000000,-60.000000,1434.000000,-250.000000,0.000000
11.796097,-0.000000,-50.000000,1428.000000,1250.000000,0.000000
11.805728,-0.000000,-43.000000,1428.000000,1250.000000,0.000000
11.815172,-0.000000,-37.000000,1428.000000,1250.000000,0.000000
11.821514,0.954930,119.000000,1434.000000,1250.000000,0.119000
11.835504,0.954930,119.000000,1434.000000,-250.000000,0.119000
11.844339,-0.000000,-81.000000,1434.000000,-250.000000,0.000000
11.854858,-0.000000,-71.000000,1434.000000,-250.000000,0.000000
11.864699,-0.000000,-60.000000,1428.000000,1250.000000,0.000000
11.873754,-0.000000,-52.000000,1428.000000,1250.000000,0.000000
11.883614,0.000000,108.000000,1428.000000,1250.000000,0.000000
11.892764,1.052191,108.000000,1428.000000,1250.000000,0.119000
11.901485,1.052191,108.000000,1434.000000,-500.000000,0.119000
11.910493,-0.000000,-91.000000,1434.000000,-500.000000,0.000000
11.920235,-0.000000,-80.000000,1434.000000,-250.000000,0.000000
11.929195,-0.000000,-69.000000,1434.000000,-250.000000,0.000000
11.938028,-0.000000,-60.000000,1428.000000,1250.000000,0.000000
11.947514,-0.000000,-52.000000,1428.000000,1250.000000,0.000000
11.957072,-0.000000,-45.000000,1434.000000,1250.000000,0.000000
11.965961,1.023753,111.000000,1434.000000,1250.000000,0.119000
11.976306,1.023753,111.000000,1434.000000,1250.000000,0.119000
11.986038,1.321356,86.000000,1434.000000,-250.000000,0.119000
11.995036,0.000000,71.000000,1434.000000,-250.000000,0.000000
12.004153,-0.000000,-78.000000,1428.000000,1250.000000,0.000000
12.014043,-0.000000,-68.000000,1428.000000,1250.000000,0.000000
12.019435,0.000000,91.000000,1434.000000,1250.000000,0.000000
12.033754,1.515155,75.000000,1434.000000,1250.000000,0.119000
12.043625,1.696069,67.000000,1434.000000,-250.000000,0.119000
12.056754,-0.000000,-93.000000,1434.000000,-250.000000,0.000000
12.065503,-0.000000,-82.000000,1428.000000,-250.000000,0.000000
12.075797,-0.000000,-72.000000,1428.000000,-250.000000,0.000000
12.085263,-0.000000,-57.000000,1428.000000,1250.000000,0.000000
12.094165,-0.000000,-53.000000,1428.000000,1250.000000,0.000000
12.103425,0.000000,107.000000,1434.000000,-250.000000,0.000000
12.113796,0.000000,107.000000,1434.000000,-250.000000,0.000000
12.123669,-0.000000,-60.000000,1434.000000,-250.000000,0.000000
12.132794,-0.000000,-52.000000,1434.000000,-250.000000,0.000000
12.144247,-0.000000,-45.000000,1428.000000,1250.000000,0.000000
12.153532,-0.000000,-38.000000,1428.000000,1250.000000,0.000000
12.165622,-0.000000,-33.000000,1434.000000,1250.000000,0.000000
12.175141,0.924125,124.000000,1434.000000,1250.000000,0.120000
12.183936,0.924125,124.000000,1434.000000,-250.000000,0.120000
12.193436,-0.000000,-79.000000,1434.000000,-250.000000,0.000000
12.203275,-0.000000,-69.000000,1428.000000,1250.000000,0.000000
12.216263,-0.000000,-55.000000,1428.000000,1250.000000,0.000000
12.225322,0.000000,104.000000,1428.000000,1250.000000,0.000000
12.234919,1.083478,104.000000,1428.000000,1250.000000,0.118000
12.244942,1.092660,104.000000,1434.000000,-250.000000,0.119000
12.253758,-0.000000,-86.000000,1434.000000,-250.000000,0.000000
12.263842,-0.000000,-81.000000,1434.000000,-250.000000,0.000000
12.273566,-0.000000,-70.000000,1434.000000,-250.000000,0.000000
12.282526,-0.000000,-60.000000,1428.000000,1250.000000,0.000000
12.291291,-0.000000,-52.000000,1428.000000,1250.000000,0.000000
12.301981,-0.000000,-46.000000,1434.000000,0.000000,0.000000
12.311200,1.023753,111.000000,1434.000000,0.000000,0.119000
12.320588,-0.000000,-65.000000,1434.000000,-250.000000,0.000000
12.330558,-0.000000,-56.000000,1434.000000,-250.000000,0.000000
12.339664,-0.000000,-48.000000,1434.000000,-250.000000,0.000000
12.348384,-0.000000,-42.000000,1428.000000,1250.000000,0.000000
12.357494,-0.000000,-37.000000,1428.000000,1250.000000,0.000000
12.367025,0.000000,123.000000,1434.000000,1250.000000,0.000000
12.376176,0.923875,123.000000,1434.000000,1250.000000,0.119000
12.385144,0.923875,123.000000,1434.000000,-250.000000,0.119000
12.395217,-0.000000,-76.000000,1434.000000,-250.000000,0.000000
12.404223,-0.000000,-65.000000,1428.000000,1250.000000,0.000000
12.413064,-0.000000,-57.000000,1428.000000,1250.000000,0.000000
12.423519,-0.000000,-50.000000,1428.000000,1250.000000,0.000000
12.432775,1.062025,107.000000,1428.000000,1250.000000,0.119000
12.441609,1.062025,107.000000,1434.000000,-250.000000,0.119000
12.450853,1.062025,107.000000,1434.000000,-250.000000,0.119000
12.461216,-0.000000,-86.000000,1434.000000,-250.000000,0.000000
12.469903,-0.000000,-73.000000,1434.000000,-250.000000,0.000000
12.478693,-0.000000,-64.000000,1434.000000,-250.000000,0.000000
12.489497,-0.000000,-56.000000,1428.000000,1250.000000,0.000000
12.499184,-0.000000,-47.000000,1428.000000,1250.000000,0.000000
12.509153,1.014613,112.000000,1435.000000,1250.000000,0.119000
12.519618,1.023139,112.000000,1435.000000,1250.000000,0.120000
12.528581,1.014613,112.000000,1435.000000,-250.000000,0.119000
12.537708,-0.000000,-83.000000,1435.000000,-250.000000,0.000000
12.546568,-0.000000,-72.000000,1425.000000,1250.000000,0.000000
12.555509,-0.000000,-63.000000,1425.000000,1250.000000,0.000000
12.564949,0.000000,96.000000,1413.000000,1250.000000,0.000000
12.574465,1.369116,83.000000,1413.000000,1250.000000,0.119000
12.584610,1.578287,72.000000,1344.000000,-250.000000,0.119000
12.594224,1.832849,62.000000,1344.000000,-250.000000,0.119000
12.603226,-0.000000,-94.000000,1260.000000,1250.000000,0.000000
12.613568,-0.000000,-81.000000,1260.000000,1250.000000,0.000000
12.622800,1.402921,81.000000,1188.000000,1250.000000,0.119000
12.631597,1.495219,76.000000,1188.000000,1250.000000,0.119000
12.640978,1.696069,67.000000,1188.000000,1250.000000,0.119000
12.650294,1.959252,58.000000,1106.000000,-250.000000,0.119000
12.659518,0.000000,50.000000,1106.000000,-250.000000,0.000000
